M 28.276663823881886 27.239768087335506 0 24
E 23.283354557159267 29.3414419243047 1 2 2
E 15.367717268401757 23.46791925810465 0 5 2
E 8.403361047594071 34.875602867511596 0 3 2
E 34.67539512254751 21.056410816163854 0 50 2
M 25.462513643208503 24.50409958619769 1 100
E 22.11953454358642 18.17505314391534 0 42 2
M 30.635852207681893 19.63639630877881 0 4
E 19.67044167067362 32.09108051870951 0 51 2
E 17.80072009292787 30.663010491162915 1 17 2
E 25.180299543414108 7.75375977414744 2 2 2
E 29.066128727272012 11.841076216406808 2 17 2
E 16.09183319784981 14.344851861528962 0 42 2
E 12.309231849925677 2.030478797648803 0 50 2
M 19.901458648786807 8.285223815794629 2 100
E 29.368012860637634 9.507814818301778 0 51 2
M 13.099234670220593 6.238832835292394 0 4
E 24.051498349159907 17.54566408645485 0 5 2
E 37.41302026364552 17.873131689975022 0 3 2
M 20.86354197676836 4.480264018698005 0 24
E 15.788632258563775 21.4800949945557 0 42 2
E 7.0153730275268105 30.913110386187334 0 50 2
E 5.536345899426624 16.90479830154785 3 2 2
M 4.859794199349751 22.279967893966486 0 24
E 7.133151179800119 11.495913292430272 3 17 2
E 4.961545468688753 12.401104662988711 0 51 2
E 8.183618688760415 1.2512654425133782 0 3 2
E 14.580784382438335 12.986416655440499 0 5 2
M 10.264913122097514 28.12477085592879 0 4
M 8.636027708004692 21.210676598007677 3 100
