E 20.626188525793815 21.058480606755428 0 42 2
M 18.55883576799625 18.791373004197794 0 44
E 14.52787043605538 19.740639131426462 0 7 2
E 22.12616616987163 12.911479219531543 0 29 2
E 17.77364804945621 13.711891335895682 0 55 2
M 12.841011953277057 22.22156574879323 1 100
E 9.765788697201321 23.18619696083287 0 55 2
E 22.949653799735522 17.58127019629431 1 19 2
E 13.84368924558073 16.539227361082702 1 22 2
M 16.121159173540615 15.084208667389703 0 45
E 7.726281074200114 2.7747432441828233 0 29 2
E 15.531780062241973 2.612954510084364E-4 0 42 2
E 15.009241585460652 8.133704596101571 2 22 2
E 22.80463639121688 8.341785265229548 0 55 2
E 11.358694875508073 -0.2733134513629253 2 19 2
M 12.610423469761324 6.888867128979696 0 45
M 14.602083664213007 2.92419510356633 0 44
E 10.595717360676034 6.143928448712608 0 55 2
M 20.431629628269313 6.160879409179087 2 100
E 17.43965491131554 5.940480419187164 0 7 2
E 7.147069168958618 11.327068042815728 3 22 2
E 3.4295749115817946 4.472017773937578 0 55 2
E 6.147552755928249 20.313777536285635 0 29 2
E 4.032474652629081 10.31888044938637 0 7 2
M 2.8390805677907403 14.284431892235872 0 44
E -0.15796858803578645 14.94125809779356 0 42 2
M 2.7273584184536324 7.617554842027684 3 100
E 7.6306345898677534 16.14418021539171 0 55 2
M 7.268417356698061 14.026924203630603 0 45
E 1.6916513247563998 18.692043255068608 3 19 2
