M 9.332848061210546 35.27326518451946 0 43
E 11.480103158931728 34.10757113655488 1 57 2
E 19.202684390113113 23.747927825145556 0 24 2
E 25.815398590742006 20.23047514057249 0 42 2
E 34.20749242078252 30.062079147625628 0 20 2
M 32.89876143506226 21.676698182420857 1 100
E 27.288108220133097 31.248980576534144 0 15 2
M 17.811746677248454 18.833189013550868 0 36
E 15.070865556387309 25.04550620182625 0 5 2
E 13.571122298448117 27.447140477561568 1 47 2
E 35.20951421805565 15.592610726141597 2 57 2
E 28.395902497464515 17.111950361017584 2 47 2
E 24.829899643458624 3.3317720399985995 0 15 2
E 20.34232075391109 -2.067139741854229 0 20 2
M 13.734733310493402 3.2589450211017543 2 100
E 25.56615457510869 17.013951738355466 0 5 2
M 18.81568951326492 17.74643765307424 0 36
E 22.37650932063893 14.084480852854274 0 24 2
E 16.02394883887444 10.116428709430076 0 42 2
M 37.29266242549388 16.86934116519149 0 43
E 1.8819921364082766 19.419247383467248 0 15 2
E -0.549813174693616 26.00506059422859 0 20 2
E 7.310382623012629 4.299818137303518 3 57 2
M 7.374489513295581 1.8573936502890465 0 43
E 12.032975204087375 9.440909161420844 3 47 2
E 13.362979868504004 11.940542059818284 0 5 2
E 12.16065257038355 23.65309614999743 0 42 2
E 12.420806289247954 16.16759132200017 0 24 2
M 17.372563809486625 17.42037333337489 0 36
M 7.3665052544443315 29.06435679647739 3 100
