M 27.33497706080785 26.716366121775025 0 27
E 34.81496223117015 20.287770417004143 1 56 2
E 17.250036698611257 32.169334013305715 0 16 2
E 21.533005521052363 30.872071936870007 0 14 2
E 24.497530107749903 21.50537424169172 0 1 2
M 33.21040633889494 28.85780643801217 1 100
E 19.22052461842892 22.86013349400357 0 4 2
M 31.70801827743943 25.690673581464797 0 57
E 8.309156297317257 35.01623376575665 0 22 2
E 29.628387303285074 33.24304966644229 1 21 2
E 11.573786183567039 2.2939303356287177 2 56 2
E 25.386674590644404 0.3079963570895661 2 21 2
E 21.59873676237626 14.512927927494463 0 4 2
E 17.786978089201693 10.620286743988487 0 1 2
M 19.7979330352453 -0.6015015103729656 2 100
E 37.581912569221174 17.884399947749383 0 22 2
M 17.806309555042656 2.2831711454636556 0 57
E 30.645984860924024 11.564820264255847 0 16 2
E 27.38103853614401 8.504291498622973 0 14 2
M 20.881105959739294 5.557489660707897 0 27
E 13.180738619194821 16.626938578501964 0 4 2
E 11.715491803048408 21.874339014319794 0 1 2
E 7.611251585262812 31.418299247367127 3 56 2
M 5.783916979452855 21.726144217517074 0 27
E -1.0150618939294715 20.44895397646814 3 21 2
E 8.10893113346157 1.0993662864939573 0 22 2
E 5.0859559428036265 14.623636564507013 0 14 2
E 6.1039784404647195 10.265845722438444 0 16 2
M 4.485672167517915 26.026155273071538 0 57
M 0.9916606258597553 25.743695072360786 3 100
