E 19.029460747328024 23.338904137050015 0 7 2
E 22.62836606814378 20.317245795117216 0 13 2
M 20.688075339001223 21.917435855175203 1 100
E 17.472192944783007 17.534504322039744 1 9 2
E 23.342160481958143 15.59696340587135 0 58 2
E 14.302053127369353 16.649600213170608 0 48 2
E 8.584731785758192 21.091684758407393 0 4 2
E 13.517332494975312 14.683442997079641 1 51 2
M 7.839809829552886 19.320808440354202 0 6
M 16.06999770505619 13.353769078727812 0 31
E 9.443981444988514 0.3789191858886191 0 58 2
E 13.888763114018923 -1.3630579132916523 0 13 2
M 11.13739956050805 7.7983940547130715 0 31
E 13.565263557590765 9.344230014823939 2 51 2
M 20.420101170809833 11.942426152004417 0 6
E 18.305048660097775 0.24285634938338063 0 7 2
M 16.24471372148377 -0.4828118811557559 2 100
E 14.875645338362613 7.681563404251425 0 48 2
E 21.581264071101494 10.411866655067225 0 4 2
E 14.056924867849688 4.493689734388068 2 9 2
M 8.792602734435764 14.847836866559115 0 31
E 8.917403947433925 11.972326988096423 3 51 2
E 3.213858073053337 20.024117408240024 0 58 2
E 4.4708821873673035 13.971805943572184 3 9 2
M -0.9327890604849884 14.565376025980546 3 100
E -0.5171291821627044 17.04581211817443 0 13 2
E -1.3345094074257944 12.418239513566599 0 7 2
E 5.834004143140317 4.49644858652538 0 4 2
E 6.8223015342680355 11.668836382577966 0 48 2
M 7.740088999637289 4.736765407641381 0 6
