M 29.876985484761917 25.44889443161414 0 16
E 11.95185562959673 33.16915431615538 1 51 2
E 32.37432364706908 23.249442009778562 0 11 2
E 27.56382107866127 30.75755237894223 0 10 2
E 25.041061617466948 28.13004014493991 0 21 2
M 17.299673947421315 24.407873328998534 1 100
E 18.645053982669644 18.65801539728498 0 40 2
M 15.3870200394309 29.687637698135298 0 42
E 23.262831055370803 20.188097916968918 0 29 2
E 14.13891252586222 26.98676154643862 1 27 2
E 34.16094517691856 15.65326951244738 2 51 2
E 27.71330753403786 16.850419065617903 2 27 2
E 18.247331058795282 17.112359165553272 0 40 2
E 23.252341298140685 6.837241697192124 0 21 2
M 23.899544113434835 15.402563487965955 2 100
E 17.263532854377495 12.348205651738759 0 29 2
M 29.428281137098395 14.419088176364852 0 42
E 15.358988312626938 2.9267495545295135 0 11 2
E 24.266453910943937 3.3387117991591317 0 10 2
M 18.512439065505337 3.989781634010078 0 16
E 17.107614958535073 18.229625437161747 0 40 2
E 5.706597084392369 19.032718157867965 0 21 2
E 7.887199193484712 5.17757617139723 3 51 2
M 5.610575449732749 24.561323934375785 0 16
E 12.147779940099925 10.162819387943482 3 27 2
E 13.473636090251699 21.463696431292323 0 29 2
E 2.1697250103947887 19.903735821898636 0 10 2
E 6.26668804030398 27.823808435691923 0 11 2
M 9.184698823470702 9.893274125499847 0 42
M 12.800781939143855 14.189563183035512 3 100
