E 31.224049085511854 23.45125641986703 1 39 2
E 25.971924633829964 19.264566834893152 1 50 2
E 22.902726568569655 30.44260260174833 0 39 2
E 19.381213409472444 20.386555312504246 0 12 2
E 15.577091240955085 33.236416616186126 0 3 2
M 21.03893685171804 29.07359691787712 0 24
M 28.073146997928035 25.42742604510083 0 11
E 30.012073314517817 34.487027178875415 0 32 2
M 17.369424079550903 27.985135929644912 1 100
E 11.867587524019877 31.991056320407285 0 15 2
E 16.10890199939194 3.8220093411208476 2 39 2
E 33.182816437241605 16.315296830479777 0 15 2
M 26.96266933553779 13.553526801301222 2 100
M 26.07054781629163 9.831405026976919 0 24
E 19.376210823429165 15.610556443097025 0 12 2
E 32.40657823178297 12.48009222829167 0 3 2
E 26.272147712531687 -0.6462742319312802 0 32 2
M 19.39576614082349 5.562685781188952 0 11
E 15.109184686885772 10.463827332601715 2 50 2
E 26.324246658023583 7.5328129429356085 0 39 2
M 6.890515331990338 15.094998055145961 0 24
E 15.242575767098392 18.00288824439873 0 12 2
E 6.66704891509621 26.726734239012114 3 39 2
M 9.667906584911313 12.461337269053862 3 100
E -2.28422102704951 20.159247053055857 0 32 2
E 4.7730267734067695 16.02458445531606 0 39 2
E 12.918890679284264 24.27160583250513 3 50 2
M 6.531086861248475 23.00988817371021 0 11
E 6.016330527261948 8.283491155522208 0 3 2
E 8.949596038738527 5.693646849112936 0 15 2
