M 29.605076190707244 26.758685493770134 0 17
E 22.27367742447752 31.365533011576428 1 11 2
E 16.30811588204807 30.19098160672173 0 0 2
E 10.819319942143371 34.04551899572282 0 13 2
E 26.230691422757552 25.503571432991542 0 57 2
M 19.059550905222736 28.266385635028275 1 100
E 27.533482684358358 24.038457710122728 0 54 2
M 24.825578926759327 18.839654479343487 0 48
E 33.64150012733141 20.040998305147603 0 26 2
E 23.493519542601682 22.729352766516786 1 54 2
E 27.43805241090596 7.6161202770342085 2 11 2
E 19.348979867960914 10.87779613666228 2 54 2
E 18.462716434465115 6.7245329537452365 0 54 2
E 20.38293776870311 7.120226420685503 0 57 2
M 26.36117531237075 11.94920918196018 2 100
E 11.946806317673104 3.4335643838596623 0 26 2
M 15.314372646133194 11.669048014218955 0 48
E 29.403641827465812 13.369723823044936 0 0 2
E 35.486167096130046 16.195891848690742 0 13 2
M 19.78270604600957 3.5703664591085156 0 17
E 8.003800881176527 23.237009336132033 0 54 2
E 7.38637080853934 21.376202146322946 0 57 2
E 4.2882701646165255 15.018346711389365 3 11 2
M 4.612217763283188 23.670948047121342 0 17
E 11.157500589437404 20.39285109682093 3 54 2
E 8.41169355499548 30.525437310992725 0 26 2
E 7.694512961726581 3.7585891555864293 0 13 2
E 8.288242290486115 10.43929457023333 0 0 2
M 13.860048427107477 23.491297506437558 0 48
M 8.579273782406514 13.784405183011547 3 100
