M 34.87350054288848 31.463224423348958 0 18
E 30.007922830420192 35.17658408389289 1 7 2
E 33.67884017490529 19.875882987162225 0 15 2
E 21.80260889036907 18.288379858784317 0 23 2
E 32.053948231927464 21.91977016433599 0 36 2
M 24.876642106672374 27.325662318652956 1 100
E 19.48068090480134 22.989298446559864 0 54 2
M 18.29583120471575 24.19857980395841 0 26
E 27.948298764028255 33.749714319037636 0 7 2
E 26.56826022752561 30.333945225451394 1 53 2
E 26.871396751680606 -0.9874582597734729 2 7 2
E 24.397379780363885 4.4126963640012935 2 53 2
E 21.58051874938241 14.223043498263582 0 54 2
E 14.36764642334754 3.8690387255114254 0 36 2
M 22.63793942173256 7.381822083561509 2 100
E 26.66550332062 1.5096633863953806 0 7 2
M 23.220211975255275 14.644512759504803 0 26
E 11.785142233956881 3.4837846130748544 0 15 2
E 16.34843983846245 14.562654170891673 0 23 2
M 21.222744096027064 -3.3444923325864195 0 18
E 12.938800345816253 16.787658055176554 0 54 2
E 7.578405344724992 28.211191110152583 0 36 2
E -2.8793195821008046 19.810874175880574 3 7 2
M -2.096244638915546 25.881267909237454 0 18
E 3.0343599921105033 19.253358410547314 3 53 2
E -0.6138020846482576 18.740622294566975 0 7 2
E 15.84895127116848 21.14896597032401 0 23 2
E 8.536017591137824 30.64033239976292 0 15 2
M 12.48395682002898 15.156907436536788 0 26
M 6.485418471595061 19.29251559778553 3 100
