M 34.36959710508556 25.589048675961646 0 31
E 18.449916499200498 20.16924068916112 1 28 2
E 26.009744448015322 19.108831685718528 0 40 2
E 20.727178198506174 30.090888508225248 0 6 2
E 16.269142179088224 34.503125005883234 0 54 2
M 30.151507035153116 23.297429690824746 1 100
E 24.43748232013479 28.863734623175162 0 21 2
M 31.3329342364039 27.807612645735144 0 40
E 21.833411293820973 31.636388872870935 0 49 2
E 28.632593127810072 33.40000409874812 1 39 2
E 19.653659294136144 16.525740537530048 2 28 2
E 26.020498203995317 1.0919021938385787 2 39 2
E 24.189529003574865 6.993109462762503 0 21 2
E 33.15755440738099 11.247404340306964 0 54 2
M 16.511955169439616 4.8277713678796985 2 100
E 27.892753532879198 7.861973999961395 0 49 2
M 19.827174583482197 1.5495339214193766 0 40
E 14.955404184345706 10.508941987338098 0 40 2
E 27.107427503195318 9.59275014533395 0 6 2
M 16.38751039139667 0.028988719298879317 0 31
E 5.372988676290346 18.14315591406233 0 21 2
E 4.573303413530797 8.249470653809798 0 54 2
E 15.896424206663358 17.30501877330883 3 28 2
M 3.2428925035177714 28.381962604739464 0 31
E -0.6530913318053887 19.508093707413295 3 39 2
E 4.27383517329983 14.50163712716766 0 49 2
E 6.16539429829851 14.316361346440795 0 6 2
E 13.034851367638964 24.382226326943368 0 40 2
M 2.839891180113902 24.642853432845477 0 40
M 7.336537795407258 25.874798941295552 3 100
