E 11.221184406423145 16.48989827317344 0 1 2
M 8.400385801761068 21.60168033278501 0 45
E 20.328054903581275 12.851563986574249 0 18 2
E 12.40830432034397 13.708783064858594 0 35 2
E 15.943938084782264 12.037165236983189 0 58 2
M 17.22573135121071 20.672917246109627 1 100
E 13.82099871666291 17.313785155284684 0 10 2
E 21.968694861127194 19.620886138115118 1 15 2
E 23.272560611106066 23.14288693222461 1 23 2
M 18.234343086371645 18.220378824091366 0 12
E 13.275697383552188 10.792006553677888 0 35 2
E 16.277773761764507 10.429524952314292 0 1 2
E 16.013742849251134 -3.333767321029994 2 23 2
E 15.691373576397723 7.766076273468718 0 10 2
E 13.61553356439278 -0.4435860613690963 2 15 2
M 14.269834539640078 3.4907110992485917 0 12
M 22.115106186328706 10.316517173105566 0 45
E 10.060216996973976 8.56586680913402 0 58 2
M 16.898100984445755 3.13792527344393 2 100
E 8.573448593530614 4.361910896099927 0 18 2
E -3.286303460357199 16.190880388805375 3 23 2
E 6.487627706939369 10.920138571246596 0 10 2
E 10.31599829610384 11.49921038146352 0 35 2
E 7.098496502888109 18.786525117325823 0 18 2
M 5.4845080119102265 4.081802494109422 0 45
E 8.501041831812346 9.080576774512267 0 1 2
M 1.87616766434353 12.189157480446436 3 100
E 9.995844918243757 15.39696795388279 0 58 2
M 3.49582237398828 14.28891007666004 0 12
E 0.41577157448002355 16.822699923253975 3 15 2
