E 13.601034104003578 12.31471260290645 0 7 2
M 15.18688227586674 13.580389876042506 0 12
E 15.954359060947116 16.527783618941847 0 36 2
E 9.955300957437439 19.54930456258411 0 1 2
E 12.3498476953184 23.058583285957624 0 28 2
M 23.460657342704987 18.094504913400954 1 100
E 18.829465219536733 17.270285896977054 0 54 2
E 20.090205664311974 15.341141068221736 1 20 2
E 17.7543925460551 21.32992662448543 1 2 2
M 14.511857517681927 22.249977781789106 0 11
E 19.56023905338489 9.996109032660845 0 1 2
E 11.472032057006322 10.456107492154418 0 7 2
E 17.20275719922163 2.3515865595257543 2 2 2
E 13.149468862220624 3.4503666771303956 0 54 2
E 10.848410210551517 3.323105838754203 2 20 2
M 19.620812388414475 4.6996786881059815 0 11
M 11.775216642603183 8.449884052207784 0 12
E 21.402090207846094 6.167731365420015 0 28 2
M 11.547667407141816 -0.9724728595516539 2 100
E 13.943996106369122 6.311532788063699 0 36 2
E 1.042850254723269 12.318486815988809 3 2 2
E 4.021065918242646 15.279347425892547 0 54 2
E 6.484459989177674 6.454586404755044 0 1 2
E 6.101644832683763 13.160683592994456 0 36 2
M 9.037901081530078 13.969726071749708 0 12
E 10.9269338389901 13.22917990493913 0 7 2
M 0.9916752501531946 18.877967946150697 3 100
E 2.2480620968355027 6.773685348622355 0 28 2
M 1.8673300939036017 9.050343530104909 0 11
E 5.06138412513651 17.33575309302406 3 20 2
