M 20.214975835405614 21.454748008187245 0 16
E 26.269405065205877 28.716226827989452 1 13 2
E 31.469580800820843 30.977323260973854 0 42 2
E 22.670963545519353 34.72104081860487 0 48 2
E 34.90466928608874 33.64237747203233 0 39 2
M 27.309626468813246 32.61231322348535 1 100
E 14.391807696087472 24.313671423849485 0 27 2
M 29.495382806567033 18.062637598273547 0 41
E 18.925763908619746 19.74478361001036 0 28 2
E 24.143957254609127 26.20094782871025 1 12 2
E 23.145822133152265 5.480371725353272 2 13 2
E 22.030250527469345 8.578703023387671 2 12 2
E 25.271895996157788 17.967950485003012 0 27 2
E 23.09436162332104 -4.461061780343561 0 39 2
M 25.999821225186974 2.631470366521037 2 100
E 19.048144976065817 16.325873132223343 0 28 2
M 12.306554348053421 8.013387664149317 0 41
E 22.50390121671565 -0.1536607823249163 0 42 2
E 30.145364353868683 5.594306500126776 0 48 2
M 19.884411621061034 14.354400653676459 0 16
E 14.336296307754745 11.718378091147503 0 27 2
E -3.999030909409779 24.818684308311227 0 39 2
E 4.584772801641857 19.80340144665727 3 13 2
M 13.90061254353335 18.190851338136298 0 16
E 7.8257922179215225 19.22034914790207 3 12 2
E 16.026091115314436 17.9293432577663 0 28 2
E 1.183672100611961 13.68465268126835 0 48 2
E 0.026517982463504806 23.176337521351062 0 42 2
M 12.198062845379544 27.923974737577133 0 41
M 0.6905523059997787 18.756216409993602 3 100
