M 17.381223269651592 19.508892456640773 0 16
E 32.28645283751814 23.108843703933168 1 8 2
E 14.647457864111832 24.914214856383023 0 25 2
E 34.76390748098033 31.692416384972496 0 2 2
E 18.61858216203303 18.468041731936484 0 36 2
M 25.77801569215905 30.54685667814548 1 100
E 22.947997931870052 33.18814315690949 0 48 2
M 28.28539306163438 28.633657281352725 0 27
E 20.15063212029844 27.082311477610773 0 32 2
E 33.718113932615 20.59343421548683 1 26 2
E 15.281162012811246 3.0731470607744322 2 8 2
E 12.38692294734787 3.0909969270338755 2 26 2
E 28.679318844263378 6.120836514672928 0 48 2
E 18.096044948871747 17.23027126738326 0 36 2
M 24.976888774836898 4.9906124804835175 2 100
E 24.79019640454469 11.596342210821376 0 32 2
M 22.066320809971643 3.7757596800400606 0 27
E 25.664156780795555 17.446279228745386 0 25 2
E 21.476026688090307 -3.3641779377072067 0 2 2
M 19.616127564203826 17.78143013943201 0 16
E 2.372683223866573 14.691020328417574 0 48 2
E 17.28537288909523 18.301687000680264 0 36 2
E 6.4323851496706155 27.818009235292397 3 8 2
M 17.002649166144586 16.709677403927216 0 16
E 7.894963120037137 30.315568857479285 3 26 2
E 9.05917147515687 15.321346311567847 0 32 2
E -2.239934169070638 25.671761552734704 0 2 2
E 13.688385355092615 11.639505914871588 0 25 2
M 3.648286128393976 21.59058303860721 0 27
M 3.24509553300405 18.462530841370995 3 100
