M 22.263605937435305 22.646228558456535 0 44
E 14.000186481833321 34.348872296500424 1 39 2
E 17.67684476964688 31.470582373062722 0 55 2
E 20.762422021541255 28.517963224370703 0 29 2
E 33.137190543687936 26.1589448171362 0 6 2
M 19.11460151957357 32.54325202052452 1 100
E 15.608396625821626 24.142512289675885 0 18 2
M 24.41146212235318 27.314746802248784 0 25
E 16.624926274607034 29.669687568676977 0 29 2
E 31.534532675423367 20.36570610666518 1 41 2
E 34.15844549108034 13.289503968882546 2 39 2
E 13.281495248548344 5.095897821400212 2 41 2
E 24.51537337300662 16.999933132977112 0 18 2
E 17.49725820787136 0.8113360386725702 0 6 2
M 30.037524943626817 9.763100758690292 2 100
E 28.793782751398204 13.356004993928329 0 29 2
M 22.861076299390724 7.790137525516063 0 25
E 29.82744415401974 11.544569452320257 0 55 2
E 25.72761233760488 10.34869074118636 0 29 2
M 19.891948994694463 11.984494667226594 0 44
E 13.876230001171754 12.857554577347003 0 18 2
E 3.3655512484406978 27.029719144191226 0 6 2
E 5.841368027086341 6.361623734617028 3 39 2
M 11.844445067870234 19.369276774316866 0 44
E 9.183972076028287 28.538396071934606 3 41 2
E 8.581290973994765 10.974307437394692 0 29 2
E 7.509965640853861 15.13334603444294 0 29 2
E 6.495711076333379 10.984848174617017 0 55 2
M 6.727461578256097 18.89511567223515 0 25
M 4.847873536799616 11.693647220785182 3 100
