M 14.25390871924326 25.16308813395551 0 56
E 23.99843357174131 33.619292647418334 1 14 2
E 26.217097317212364 23.923411959587472 0 60 2
E 30.09555801961671 26.493002823873223 0 30 2
E 34.34591115364829 19.897312855265774 0 50 2
M 27.32826794603057 29.731450068656777 1 100
E 32.11521577518845 18.867983254802105 0 16 2
M 19.005832257109944 21.99460620658232 0 17
E 21.684073394426086 27.722240542022753 0 37 2
E 12.140045373496212 32.47766466755233 1 38 2
E 28.52748743593712 4.995557820249435 2 14 2
E 33.468002702824606 15.836037237800264 2 38 2
E 11.694087661123904 5.3418729313868925 0 16 2
E 11.470165554762806 2.895369265304291 0 50 2
M 23.495599809670185 4.055757951101055 2 100
E 24.57767059388165 9.948378580009262 0 37 2
M 20.956514324460308 15.131620610105788 0 17
E 19.021276575477135 7.922078998131402 0 60 2
E 19.307377190078835 3.2784380701267253 0 30 2
M 26.07646193393071 17.66266614705297 0 56
E 10.190696563687643 29.790143813811 0 16 2
E 8.183923291588897 31.20731787942993 0 50 2
E 1.4740789923215705 15.38514953233223 3 14 2
M 13.669629346826033 11.17424571899152 0 56
E 8.391951923679185 5.6862980946473956 3 38 2
E 7.738256011692259 16.32938087796798 0 37 2
E 4.597064790304458 24.228559106000045 0 30 2
E 8.761626107310503 22.154509042281127 0 60 2
M 14.03765341842975 16.87377318331189 0 17
M 3.1761322442992497 20.212791980242166 3 100
