E 11.979830784641134 33.035502710881 1 39 2
E 25.80537294587159 25.60852016924548 1 23 2
E 14.240256639365203 29.214802187215803 0 51 2
E 33.4733749199918 34.79620326777271 0 45 2
E 17.03967706785765 21.098087495047015 0 47 2
M 28.257069248089266 27.48023832933655 0 45
M 24.738822840491487 22.712943587457815 0 32
E 34.88898263797249 18.822639494634092 0 37 2
M 26.906576148306037 30.38672560882489 1 100
E 21.76163099617807 24.03146373638681 0 42 2
E 34.031211913972164 15.695868120141316 2 39 2
E 21.342585319626554 11.726600129453425 0 42 2
M 24.273930972796602 4.093315990413973 2 100
M 21.081592603091764 4.37699829811027 0 45
E 24.809251257022474 -3.7984373968802503 0 45 2
E 21.163183939928786 17.282620307548527 0 47 2
E 10.267935381523277 2.962392244124454 0 37 2
M 18.712117453095694 9.807536434802653 0 32
E 20.686485278837072 7.436088658240683 2 23 2
E 29.592175272863575 15.648632168411714 0 51 2
M 4.661338148818966 22.14276337255318 0 45
E -4.28262617701427 23.002234129107535 0 45 2
E 7.988957301386703 5.26862916897769 3 39 2
M 2.8194928788973592 19.519958400761137 3 100
E 8.843081980504229 32.21496826124145 0 37 2
E 10.167568087771231 9.136565644372482 0 51 2
E 7.508141775291341 20.95539117251383 3 23 2
M 10.54905970641282 21.47951997773953 0 32
E 15.797138992213565 15.619292197404457 0 47 2
E 10.89578368419538 18.241936134159765 0 42 2
