M 19.83267753445575 24.356167183864375 0 37
E 24.162330295174062 32.76546799857296 1 37 2
E 14.510736523926147 25.80210876495899 0 44 2
E 17.831061621245215 27.84425464727816 0 14 2
E 31.339000744569823 18.076687478528363 0 15 2
M 29.68774126397492 22.199373788652608 1 100
E 22.749558556592262 29.323485398484184 0 14 2
M 21.377448008396545 35.206401659270654 0 52
E 32.38085490377675 20.499591867651496 0 18 2
E 16.315578433799843 30.76403445477613 1 31 2
E 27.70610523794332 5.280531418582331 2 37 2
E 29.896188875716064 13.076734639623648 2 31 2
E 25.431646736173338 8.225018933987258 0 14 2
E 11.39691293227283 6.409742754838808 0 15 2
M 15.792893748972208 5.778432258211774 2 100
E 12.974282604590817 4.296018391365573 0 18 2
M 31.21245694044884 6.471843395132109 0 52
E 26.501456131580643 17.120736428297658 0 44 2
E 26.609843795243297 13.22417760403672 0 14 2
M 22.588263484699667 13.234771106284105 0 37
E 5.818794707234403 16.451495667528548 0 14 2
E 11.264086323157347 29.513569766632827 0 15 2
E 2.1315644668826215 15.95400058284471 3 37 2
M 11.579058980844582 16.40906170985152 0 37
E 7.788232690484099 10.159230905600221 3 31 2
E 8.644862491632438 29.20438974098293 0 18 2
E 9.559094583511488 12.931567748685117 0 14 2
E 12.987807344493211 11.077154806743348 0 44 2
M 1.4100950511546206 12.321754945597231 0 52
M 8.519364987052878 26.022193953135616 3 100
