E 8.588534889236545 21.312994894339973 0 23 2
E 14.298657104767361 16.11737331888291 0 21 2
M 20.095402772433477 14.130731508220743 1 100
E 16.75122980715562 13.268085930917001 1 42 2
E 18.408531484130794 12.092336463342207 0 29 2
E 13.545038046810575 22.62014659673743 0 15 2
E 7.63002589695657 23.410605151860903 0 1 2
E 10.445226689038055 18.606824154406816 1 55 2
M 9.453184037863766 17.377568946718686 0 16
M 21.039760814659 19.68739592631424 0 27
E 8.875699980884567 6.4038807021192365 0 29 2
E 14.416421338633162 7.950617893240424 0 21 2
M 14.137599753807644 0.3276395272130713 0 27
E 18.49906421153392 10.043061107215681 2 55 2
M 17.93051929952883 11.516822848614343 0 16
E 21.77102271919492 10.297918002875459 0 23 2
M 9.797566228546359 3.9238097910952647 2 100
E 20.424797721284182 5.351884503279838 0 15 2
E 24.06686098558685 10.079206011185278 0 1 2
E 10.722579726777955 7.251271322326891 2 42 2
M 0.8226394315333551 15.984964546472685 0 27
E 7.055709099428029 7.350114738377502 3 55 2
E 8.715768534984639 17.503782834538555 0 29 2
E 8.526190466066424 15.480642746756104 3 42 2
M 6.107030999020164 17.945458700683993 3 100
E 7.284921556599476 11.932008787876669 0 21 2
E 5.640442391568538 4.389087102784562 0 23 2
E 4.303113117456583 2.510188836953816 0 1 2
E 2.030164231905246 8.027968899982728 0 15 2
M 8.616296662607411 7.105608204666967 0 16
