E 20.679462577274954 16.174550487306327 0 29 2
M 22.943648870850144 19.285246957692472 0 25
E 13.489840756979884 17.2470844739063 0 5 2
E 9.00098053704861 22.191242161354502 0 8 2
E 14.715681517614797 14.65765382478251 0 15 2
M 5.924527317101306 23.409627092717013 1 100
E 17.809796981077263 12.786922478706746 0 33 2
E 18.95854906333239 19.96329010748703 1 20 2
E 15.79733599010749 15.397118748977562 1 5 2
M 21.763357762618554 18.077966007108916 0 9
E 22.32538433932772 9.50160596068262 0 8 2
E 11.275535482750513 2.3960896732303723 0 29 2
E 13.043323141233234 7.012851191373201 2 5 2
E 9.776596366830432 6.575106984203577 0 33 2
E 15.417136999122892 1.9920746839302255 2 20 2
M 12.381994084185317 0.5057011477818769 0 9
M 12.837384502779912 -1.1201014110993455 0 25
E 12.943754967919133 8.319323904766454 0 15 2
M 24.91876325144947 11.556700137030163 2 100
E 15.799188071715818 8.086217819908832 0 5 2
E 7.159340868659276 13.590030059649237 3 5 2
E 8.413606652092307 16.637970537089675 0 33 2
E 4.67363512362367 4.307151877962877 0 8 2
E 6.710971171304296 10.666697706184868 0 5 2
M 0.2189666263699465 17.83485445340687 0 25
E 4.045001939974535 17.429359839463302 0 29 2
M 5.156709431449226 1.0336727702528201 3 100
E 8.340563514466071 13.023022270451037 0 15 2
M 1.8546481531961276 17.416332845109203 0 9
E 1.62431393754472 14.044635208582742 3 20 2
