M 14.31585035444949 34.57910255408423 0 12
E 21.051155610535453 23.323556092956967 1 43 2
E 25.85500476092008 18.365694091543084 0 56 2
E 16.214721255282836 33.183803281756404 0 45 2
E 13.004108740287899 28.506331891994904 0 49 2
M 19.216333990515032 27.190816669971163 1 100
E 27.000152579835493 19.624450218568008 0 46 2
M 29.067064075554107 21.32200620380022 0 54
E 17.973169186668237 31.707714247652937 0 40 2
E 33.91628425595856 30.43011857509847 1 18 2
E 21.08475700970444 12.695843683898397 2 43 2
E 20.80665633010883 -1.9989657870636495 2 18 2
E 14.906738866545334 9.393414118642408 0 46 2
E 29.596695948914267 17.07340279945787 0 49 2
M 25.351313722463004 12.351215529741904 2 100
E 29.884644172951216 11.169379042123039 0 40 2
M 15.343409726243445 6.7546382633598885 0 54
E 14.389197992830143 11.014519284423955 0 56 2
E 32.04219874042516 11.954195104883258 0 45 2
M 34.19999880655967 12.901015907348068 0 12
E 12.093108553619173 24.98213566278958 0 46 2
E 11.399195310797843 8.420265308547224 0 49 2
E 11.864087379760106 17.980600223144634 3 43 2
M 5.484150838990848 6.5198815385677005 0 12
E -0.7229405860673921 25.56884721196517 3 18 2
E 6.142186640380548 11.122906710224026 0 40 2
E 5.743080004292011 8.862001613360336 0 45 2
E 13.755797246249774 24.61978662403296 0 56 2
M 9.589526198202444 25.92335553283989 0 54
M 9.432352287021962 14.457967800286937 3 100
