E 7.286467720398784 20.997329506867455 0 22 2
M 20.529078633839 13.859387636570881 0 44
E 12.98819058033657 13.118973067160624 0 26 2
E 15.06182597357107 17.19501402824673 0 23 2
E 13.758955278049939 15.586480484766081 0 37 2
M 8.216854377027328 19.392112049917678 1 100
E 9.955957448545949 20.248589328841618 0 40 2
E 16.025707441812095 12.140576417729553 1 1 2
E 21.56137999653678 22.594896814008866 1 15 2
M 22.568549007375136 16.265896288853792 0 53
E 14.968101134692665 6.750873910797068 0 23 2
E 22.148682058967143 11.5833739422589 0 22 2
E 16.3947597931381 -1.5778463792416475 2 15 2
E 20.165509179889096 9.64589811155476 0 40 2
E 10.10888902802076 8.443346878321881 2 1 2
M 10.41010005236958 0.7144199340454194 0 53
M 9.345737611833593 3.683907413934911 0 44
E 14.226505570959585 8.683459802704991 0 37 2
M 20.293329634336104 11.580244190751403 2 100
E 12.474963812143406 10.584715320067733 0 26 2
E -1.956139789674881 14.982949565232781 3 15 2
E 5.878533371564954 6.105512559603619 0 40 2
E 5.970072891736267 12.054112060956198 0 23 2
E 10.536845607520025 12.296311612771643 0 26 2
M 6.125183754327406 18.456704949494206 0 44
E 6.564850220634076 3.4192965508736393 0 22 2
M 7.489815988636567 5.0276437593309184 3 100
E 8.014539150990474 11.730059712528924 0 37 2
M 3.0213509402552816 19.019683777100784 0 53
E 9.865403530167143 15.416076703948562 3 1 2
