E 20.162868191434256 21.157024501496778 0 24 2
M 14.453566685055204 16.771489699447017 0 10
E 22.071666215340112 19.162861022226327 0 12 2
E 12.209729702870197 17.69622681130121 0 52 2
E 23.19249558511508 13.619318683909052 0 24 2
M 15.312747526257155 18.382542179551727 1 100
E 16.22553452797682 14.851383688944003 0 5 2
E 21.0813600499801 19.96057483295065 1 18 2
E 10.314278387201886 23.245068031010852 1 30 2
M 17.543322822444562 12.778458771513668 0 4
E 16.828212272869774 8.970255343735642 0 52 2
E 15.84878174565562 0.35223652772561 0 24 2
E 22.58137538853871 7.837343724886219 2 30 2
E 12.356603446573683 6.914887909731786 0 5 2
E 14.353380009072282 0.15502407932879408 2 18 2
M 9.902503660707383 6.810112228628118 0 4
M 14.905447951089291 7.489404071139511 0 10
E 7.806123324530486 1.4973551495906414 0 24 2
M 15.871069905088921 5.939805396161385 2 100
E 13.167386501355319 -0.3037493120351712 0 12 2
E 3.104346224259406 4.917588244102928 3 30 2
E 7.417862025449496 14.233728401324209 0 5 2
E 6.962058024260027 9.333517844963147 0 52 2
E 0.7609472833045714 17.14088828980884 0 12 2
M 6.640985363855502 11.73910622941347 0 10
E -0.011649937089875806 14.490738970777604 0 24 2
M 4.816182568653927 11.677652424286885 3 100
E 5.001381090354433 20.883326166500304 0 24 2
M 8.554173516848053 16.41142899985821 0 4
E 0.5652599409476231 15.884401087720553 3 18 2
