E 8.542555734597949 23.425289496601458 0 32 2
M 15.80037155109439 15.338066207775583 0 19
E 14.180810220771122 18.947530045589048 0 52 2
E 10.34105600480208 21.521171883928368 0 39 2
E 17.46130858015266 13.000917939338677 0 44 2
M 12.878334836376819 14.315948220966058 1 100
E 19.086519999710283 22.20843700248928 0 3 2
E 23.355932958620663 16.723117665709932 1 21 2
E 20.844405298699517 20.563879378146968 1 42 2
M 12.076935563476212 17.692674397161802 0 38
E 21.075048722879067 8.676101701332865 0 39 2
E 23.623313082349405 9.28158981770628 0 32 2
E 14.9943344470712 0.05858064088704111 2 42 2
E 17.297505777233642 0.7586751545797625 0 3 2
E 10.41237340425753 -0.19608525869343935 2 21 2
M 16.89153286167728 9.08703464899423 0 38
M 12.990664359900844 7.039748589044796 0 19
E 10.136166072494536 6.769909062012533 0 44 2
M 13.566502575017571 10.081365608185795 2 100
E 16.926332402650214 6.637597925184937 0 52 2
E 0.16126025422928691 15.377539980965986 3 42 2
E -0.3840257769439269 13.032887842930956 0 3 2
E 4.583895272318853 5.802726414738766 0 39 2
E 4.892857376578665 10.414872029226013 0 52 2
M 7.208964089004764 13.622185203179617 0 19
E 3.834131183052649 3.2931206856922643 0 32 2
M 9.555162588605606 11.602686170848145 3 100
E 8.402525347352801 16.22917299864879 0 44 2
M 7.031531574846509 9.220290953843966 0 38
E 2.2316936371218032 19.4729675929835 3 21 2
