E 15.702710322019234 12.51682472980141 0 57 2
M 21.44452928178782 17.735537369452405 0 52
E 17.07874907011938 15.949486170022686 0 7 2
E 18.08961213893015 13.264330751841666 0 22 2
E 8.601593411817664 19.053057912305967 0 15 2
M 19.28260143208774 14.28785132379667 1 100
E 9.784954075455175 23.25019388173734 0 49 2
E 23.38833945713505 19.898814180109337 1 26 2
E 12.272112501867026 21.38892637752968 1 43 2
M 13.879566888379514 17.03024826572377 0 58
E 10.050136480415691 6.094075812571565 0 22 2
E 10.596228184302433 8.53494643337578 0 57 2
E 19.994992506268993 7.0698804719309765 2 43 2
E 22.850476661357213 8.293189100336338 0 49 2
E 13.14640401117992 -1.8119983668543043 2 26 2
M 15.416539341269646 7.857123193689382 0 58
M 12.24485642540685 0.9530290304595497 0 52
E 19.807330620510974 11.416577481601323 0 15 2
M 10.340036650445905 4.549156492276746 2 100
E 12.880980820075262 5.626931200818677 0 7 2
E 3.7328949918639807 7.541193150539343 3 43 2
E 3.364569263187613 4.45661701792632 0 49 2
E 7.86025138065416 16.641593435586767 0 22 2
E 6.0402701098053555 14.423582629158634 0 7 2
M 2.3106142928053344 17.311433600088044 0 52
E 9.701061493678333 14.94822883682281 0 57 2
M 6.3773619174663505 17.162992183926583 3 100
E 7.5910759676713635 5.530364606092709 0 15 2
M 6.70389377035084 11.112628540586844 0 58
E -0.5347434683149679 17.91318418674496 3 26 2
