E 35.299226418159215 43.62963276450115 1 57 2
E 44.71075077342228 34.67384250564727 1 53 2
E 46.92521072596134 57.024250035375154 0 57 2
E 58.56225348987906 48.568469345444406 0 6 2
E 51.713482857580004 46.439634824408884 0 56 2
M 33.52805488912291 30.24797237153827 0 41
M 53.82151824472277 40.32088795224722 0 42
E 48.95201800818572 52.39565230080241 0 4 2
M 40.11463115964076 50.387828419102604 1 100
E 56.108367384620976 38.36527255972233 0 19 2
E 44.600102075640635 29.171924335006707 2 57 2
E 46.02377619574144 7.754478452560986 0 19 2
M 52.51556999125843 26.68059958560487 2 100
M 31.32606465763924 26.721248084793462 0 41
E 56.4858854946295 8.573655285649108 0 6 2
E 52.34485703532813 14.429377178895972 0 56 2
E 57.15602669958811 18.896196937432215 0 4 2
M 47.17700171036907 10.533719619596566 0 42
E 38.99096036013499 17.453541380619757 2 53 2
E 60.93176684183227 22.25412057057454 0 57 2
M 27.291498140578124 27.725647504185275 0 41
E 17.806923967939788 -1.8106786335849225 0 6 2
E 33.724132903804595 15.858588329276312 3 57 2
M 33.800756371034126 7.560669302530725 3 100
E 27.831329491559366 0.7418200021455235 0 4 2
E 32.191672514378 -1.8114667955187311 0 57 2
E 20.845968320644136 17.57201962913166 3 53 2
M 16.7944526371004 7.648289138128222 0 42
E 22.096398264009984 3.9371910461440507 0 56 2
E 13.794870932468731 7.8862390264922 0 19 2
M 4.661521179312437 35.652163361056466 0 42
E 1.5036612157960612 23.021253374931394 0 4 2
E 0.42276126426227734 18.085311717806185 0 57 2
M 26.99998913464575 31.873124770394888 0 41
E 17.701538637532444 22.088202603581617 4 57 2
E 2.770448458287376 29.462921045325963 0 56 2
E 15.351536927929805 34.865544338667085 4 53 2
E -4.021620909854407 31.766264113595348 0 6 2
E 3.960903248445341 38.57846564672023 0 19 2
M 9.83342662899837 19.451131358560236 4 100
E 30.100783617868785 45.43505214593422 5 53 2
E 18.67499996486312 39.2516519676342 5 57 2
E 14.556964584870745 54.94507738468845 0 4 2
E 21.166557957406063 62.90228988889604 0 6 2
M 13.735615849068328 45.91977133420157 5 100
M 30.854393178013964 33.43200726908811 0 41
E 21.07481338479451 55.73087590522514 0 56 2
E 30.112082238723513 57.415544314504245 0 19 2
M 27.545506228495334 55.844939928971506 0 42
E 9.528588653566116 54.44778447176285 0 57 2
