E 55.36723824550226 57.3946774385855 0 33 2
E 58.47010609118102 38.073365004226645 0 52 2
M 61.15881040496754 45.12374562063303 1 100
E 52.05146366185289 60.12799318197093 1 33 2
E 42.92372131196154 36.013145405263565 0 7 2
E 48.62327610187146 54.55755631395094 0 22 2
E 45.959952489145294 51.696634262649695 0 46 2
E 69.652274060653 40.70144597163583 1 36 2
M 63.65058477940257 48.78352219949608 0 19
M 66.29472396740013 66.42567491488208 0 46
E 39.47324491088206 30.010454157749365 0 7 2
E 49.03063981056842 17.57699980141911 0 52 2
M 77.4967693872749 24.976836901035238 0 46
E 56.89770867628314 9.206998754176313 2 36 2
M 60.89614736430722 18.445652251290078 0 19
E 64.21195329033995 29.924818397542232 0 33 2
M 56.48080068761899 18.773703870618363 2 100
E 58.382953250977565 34.346700373769785 0 22 2
E 54.573660269940504 35.222745255238976 0 46 2
E 64.921186868851 34.16302129189807 2 33 2
M 47.20204541987477 -5.448838013846855 0 46
E 23.245434615630145 4.505552782540482 3 36 2
E 32.549523598920516 29.9973087524858 0 7 2
E 48.86972320699812 10.035028109927145 3 33 2
M 31.32199028265145 9.649958249985335 3 100
E 26.5605337193874 15.503634797192461 0 52 2
E 44.8447150448377 8.530140958956741 0 33 2
E 44.61370778079521 19.526110992589274 0 46 2
E 45.7596771491061 15.789144059818847 0 22 2
M 33.24556258490465 5.662130051793996 0 19
E 26.040047510854702 20.303365737350305 0 46 2
M 5.705276032599862 5.574325085117905 0 46
M 10.841189595032457 26.87625437936697 4 100
E 13.52989390881898 33.926634995773355 0 52 2
E 29.076278688038457 35.986854594736435 0 7 2
M 8.349415220597429 23.21647780050392 0 19
E 23.37672389812854 17.442443686049053 0 22 2
E 16.632761754497743 14.60532256141451 0 33 2
E 2.347725939347002 31.298554028364173 4 36 2
E 19.948536338147107 11.872006818029071 4 33 2
E 13.61704674902244 37.6532996262302 0 22 2
E 7.788046709660046 42.07518160245776 0 33 2
E 32.52675508911794 41.989545842250635 0 7 2
E 22.96936018943158 54.423000198580894 0 52 2
E 15.102291323716846 62.793001245823675 5 36 2
M -5.49676938727491 47.02316309896476 0 46
M 11.103852635692775 53.554347748709915 0 19
E 17.426339730059492 36.777254744761024 0 46 2
E 7.0788131311489995 37.83697870810191 5 33 2
M 15.519199312381 53.22629612938162 5 100
E 26.240322850893886 56.21085594018115 0 22 2
M 38.75443741509533 66.33786994820602 0 19
E 45.43946628061259 56.496365202807546 0 52 2
M 40.67800971734853 62.35004175001467 6 100
E 39.45047640107948 42.0026912475142 0 7 2
M 24.797954580125204 77.44883801384685 0 46
E 23.130276793001865 61.964971890072846 6 33 2
E 27.15528495516229 63.46985904104325 0 33 2
E 27.38629221920478 52.47388900741072 0 46 2
E 48.75456538436983 67.49444721745952 6 36 2
