M 68.48264211458002 62.79434041503691 0 40
E 43.232393962898286 43.07004706871139 1 18 2
E 52.508708963518835 60.66864933824168 0 28 2
E 55.20881191136308 57.9187839486445 0 7 2
E 46.422727098120916 40.99304918428498 0 50 2
M 49.07089179113551 50.60896062268538 1 100
E 65.56051221046609 68.09579183010229 0 45 2
M 58.602841323619984 52.988876646611075 0 40
E 61.56228948257583 46.376584086245394 0 7 2
E 40.33912024684107 36.492991111620746 1 46 2
E 45.739037348904915 33.27158663230857 2 18 2
E 38.59650294992403 32.4887071919706 2 46 2
E 78.57602718467865 26.44774139190742 0 45 2
E 45.53547098499642 29.470178148457315 0 50 2
M 55.18717691769983 31.984755970101865 2 100
E 57.76753016448178 19.050699972320256 0 7 2
M 62.014219419535365 24.91980353934195 0 40
E 65.6180314857269 34.037363323029666 0 28 2
E 64.58662967527027 30.324072882564707 0 7 2
M 75.44590053436005 21.266376954253882 0 40
E 49.01551497421258 -5.648050438194856 0 45 2
E 35.112743886875506 24.47712896417233 0 50 2
E 38.50664338600663 26.20153956359718 3 18 2
M 42.96325841978004 -5.527963460783024 0 40
E 34.25738270308296 31.995716080349855 3 46 2
E 32.20524068190595 8.674115886074862 0 7 2
E 45.377817763907196 8.405288933920207 0 7 2
E 49.109322522208075 9.368713984787984 0 28 2
M 39.41137809591539 7.930926892730871 0 40
M 42.11628512656432 17.375795347416478 3 100
M 13.397158676380016 19.011123353388925 0 40
E 10.43771051742417 25.623415913754606 0 7 2
E 16.791188088636922 14.081216051355494 0 7 2
E 6.439487789533916 3.904208169897726 0 45 2
E 28.76760603710171 28.929952931288607 4 18 2
M 22.929108208864495 21.39103937731462 4 100
E 19.491291036481165 11.331350661758316 0 28 2
E 25.577272901879084 31.006950815715022 0 50 2
M 3.5173578854199774 9.205659584963096 0 40
E 31.66087975315893 35.507008888379254 4 46 2
E 6.3819685142730975 37.96263667697033 0 28 2
E 26.26096265109508 38.72841336769143 5 18 2
E 14.232469835518225 52.94930002767974 0 7 2
E 26.464529015003574 42.52982185154268 0 50 2
E 33.40349705007597 39.511292808029395 5 46 2
E -6.57602718467866 45.552258608092565 0 45 2
M 16.812823082300174 40.015244029898135 5 100
M 9.985780580464624 47.080196460658044 0 40
E 7.413370324729728 41.67592711743528 0 7 2
M -3.4459005343600593 50.733623045746114 0 40
M 32.58862190408459 64.06907310726912 0 40
E 22.890677477791918 62.631286015212005 0 28 2
M 29.883714873435668 54.624204652583515 6 100
E 33.49335661399336 45.79846043640283 6 18 2
E 22.9844850257874 77.64805043819484 0 45 2
M 29.03674158021994 77.52796346078303 0 40
E 26.62218223609279 63.594711066079796 0 7 2
E 39.794759318094044 63.32588411392514 0 7 2
E 36.88725611312449 47.52287103582766 0 50 2
E 37.74261729691703 40.00428391965015 6 46 2
