M 55.49820979181349 46.02090137088813 0 20
M 65.120245825798 50.43750902090487 0 14
E 70.7152247916964 36.45309698073173 0 51 2
E 53.14674488770011 52.49595746826088 0 45 2
M 44.79978127499879 40.38873263514044 1 100
E 59.72995559723394 62.415963370332975 0 51 2
E 67.33041232936758 64.92764181437667 0 38 2
E 48.436429685092634 48.11438068171629 0 38 2
E 50.77568109375805 60.0415679352059 1 52 2
E 62.51447559368195 56.33680368827222 1 26 2
E 53.7500058915399 6.162281922669431 0 51 2
E 52.70957626402808 31.28692630118902 0 38 2
E 70.74187314276453 28.657237307285175 0 51 2
E 76.71727884751095 23.330887918914836 0 38 2
E 66.86942642266179 23.206192411985064 2 26 2
E 64.20844912557672 35.224668782191046 2 52 2
M 54.42746005191418 24.124505677415105 0 20
E 58.859290671111616 29.3984620691712 0 45 2
M 44.200644589948844 30.57353218567465 2 100
M 63.063372492369616 17.999881860863606 0 14
E 40.27314657893544 19.172545619472732 0 38 2
E 47.01191754553059 2.241273936952196 0 51 2
E 19.034781099843507 5.709184941937707 0 51 2
M 33.943126666571615 3.5623728399587407 0 14
M 34.929250260100694 14.103604306526966 0 20
E 40.354950828979845 2.8693887237128513 3 26 2
M 35.40086331495005 26.184799550534205 3 100
E 41.712545783411514 12.90250460091032 0 45 2
E 49.43276803181868 11.183100846985136 3 52 2
E 45.3868665181434 -5.596753895461839 0 38 2
E 21.224318906241944 11.958432064794096 4 52 2
E 9.485524406318058 15.663196311727784 4 26 2
M 27.200218725001207 31.611267364859554 4 100
E 23.563570314907366 23.88561931828371 0 38 2
M 16.50179020818652 25.979098629111867 0 20
E 1.2847752083036 35.54690301926827 0 51 2
E 4.6695876706324295 7.072358185623324 0 38 2
E 18.853255112299895 19.504042531739117 0 45 2
E 12.270044402766064 9.584036629667025 0 51 2
M 6.879754174201999 21.562490979095134 0 14
E 13.140709328888386 42.60153793082879 0 45 2
E 18.249994108460086 65.83771807733056 0 51 2
E 5.130573577338216 48.79380758801493 5 26 2
E 1.2581268572354731 43.34276269271482 0 51 2
E 19.290423735971927 40.71307369881097 0 38 2
E -4.717278847510968 48.669112081085146 0 38 2
E 7.791550874423261 36.775331217808954 5 52 2
M 27.799355410051152 41.42646781432534 5 100
M 8.93662750763038 54.00011813913638 0 14
M 17.572539948085822 47.875494322584885 0 20
E 22.5672319681813 60.81689915301486 6 52 2
E 30.287454216588475 59.09749539908968 0 45 2
E 26.61313348185658 77.59675389546183 0 38 2
M 37.07074973989929 57.89639569347304 0 20
E 52.96521890015648 66.2908150580623 0 51 2
E 31.72685342106455 52.82745438052727 0 38 2
M 38.056873333428356 68.43762716004126 0 14
M 36.59913668504994 45.81520044946579 6 100
E 31.64504917102014 69.13061127628715 6 26 2
E 24.988082454469385 69.75872606304779 0 51 2
