E 39.50171861527591 58.893520617891205 1 52 2
E 47.20849111147941 53.1828144295748 1 41 2
E 56.75759920082131 49.727675838104105 0 12 2
E 53.50090266390489 42.02123423903359 0 35 2
E 36.68018072217105 37.38259354881896 0 25 2
M 45.396959656501956 30.788706356259667 0 39
M 41.363265068031964 43.73982667537773 0 50
E 34.43578908211925 39.2422120041002 0 34 2
M 51.48056094623644 35.37675321968639 1 100
E 43.55076856780594 46.62289343573858 0 12 2
E 60.41556359024285 29.8919174931902 2 52 2
E 49.99672889603301 22.249209820107595 0 12 2
M 41.75145456718755 11.232280657849957 2 100
M 35.50802651512872 15.600344855206004 0 39
E 48.69505146324139 11.36407905589849 0 35 2
E 39.0855530704096 25.928117463297866 0 25 2
E 40.16060016131849 28.637314463422694 0 34 2
M 46.578793709993036 23.438732653117064 0 50
E 57.365882930305794 20.79763602899964 2 41 2
E 57.03068753891466 10.648198013139096 0 12 2
M 18.007187940783233 20.31181733798035 0 39
E 18.053274561806752 6.461133205855648 0 35 2
E 39.296133470477955 1.039680719311054 3 52 2
M 15.782237393535656 13.024158335546066 3 100
E 31.84380716367325 19.915602018317134 0 34 2
E 19.948284437506196 -1.687747209541893 0 12 2
E 29.704554671600146 1.129811859499526 3 41 2
M 28.882992937216706 12.205087094973768 0 50
E 28.93499988193305 20.100844645301983 0 25 2
E 28.80788955375963 8.586854793419002 0 12 2
M 12.730857959533202 25.563406344732595 0 50
E 20.978935334532117 25.13018482781645 0 34 2
E -3.2429894017821006 29.76769718444938 0 12 2
M 17.080008011585694 38.41202897044842 0 39
E 5.3297628584680545 12.209620866295129 4 52 2
E 20.256240658602373 27.953868067583237 0 25 2
E 2.451521814925723 21.35960643856694 4 41 2
E 3.921466161692198 34.08810120866402 0 35 2
E 9.266506329846631 24.516738636188457 0 12 2
M 9.461484898040188 38.27607220588092 4 100
E 13.269549471688936 53.53013124335909 5 41 2
E 5.4568214655352545 47.96526030331242 5 52 2
E 22.580868258356904 37.07468668634351 0 34 2
E 25.829305149354774 56.06545229054824 0 35 2
M 31.524262195000166 52.09073558103667 5 100
M 34.007817876000395 44.887102480105554 0 39
E 25.043025666883928 38.634576274997954 0 25 2
E 18.378106652554784 48.024303314546366 0 12 2
M 20.4440903252251 45.05294723179884 0 50
E 19.50641822453993 61.5441761738493 0 12 2
