M 46.21216976085033 37.454948335606936 0 45
M 49.888981731405686 47.63160029047451 0 42
E 65.23760457698529 39.515414508317704 0 51 2
E 70.4320855013455 60.00367172180141 0 23 2
M 67.3887877802113 65.84565671351861 1 100
E 57.66142967295188 54.90879085930777 0 12 2
E 62.843064478996226 69.28659915465911 0 43 2
E 52.889999965721685 44.546629517975575 0 47 2
E 59.86922525532138 63.59201734059697 1 4 2
E 55.03043143427177 52.78165591845184 1 49 2
E 53.66324055752816 12.437198944685415 0 51 2
E 51.846598262161635 25.646145718754507 0 47 2
E 63.20620807548346 26.69504705058751 0 12 2
E 78.24857271302253 29.396523823095144 0 43 2
E 60.048556060084664 27.909990892168633 2 49 2
E 71.83000058627843 29.124653230537053 2 4 2
M 42.36610710025466 27.88347572714783 0 45
E 74.00383224585492 18.182775111457666 0 23 2
M 77.54149079664236 23.739340745097767 2 100
M 53.017752203920224 29.787589133141957 0 42
E 34.956598296439964 17.099516200778936 0 47 2
E 41.54477840253158 7.786256191279742 0 12 2
E 24.42563598054287 8.921784436367705 0 51 2
M 39.128770472514546 18.155988842667444 0 42
M 32.15393733940433 26.42852739154089 0 45
E 41.01812462581288 11.1283349737168 3 49 2
M 46.152703016431055 -6.10631596842085 3 100
E 39.57174674450944 -5.820896610343757 0 23 2
E 47.96077533095703 1.5326358899400923 3 4 2
E 51.40550823402632 -3.8900753315639696 0 43 2
E 12.130774744678604 8.407982659403036 4 4 2
E 16.96956856572823 19.218344081548167 4 49 2
M 4.6112122197887 6.154343286481388 4 100
E 19.110000034278315 27.45337048202443 0 47 2
M 25.787830239149674 34.545051664393064 0 45
E 6.762395423014705 32.484585491682296 0 51 2
E 9.156935521003785 2.7134008453408867 0 43 2
E 1.567914498654504 11.996328278198588 0 23 2
E 14.338570327048114 17.091209140692232 0 12 2
M 22.11101826859431 24.368399709525495 0 42
E -2.003832245854942 53.81722488854232 0 23 2
E 18.336759442471823 59.56280105531458 0 51 2
E 11.951443939915347 44.090009107831364 5 49 2
E 8.793791924516539 45.30495294941248 0 12 2
E 20.153401737838358 46.35385428124549 0 47 2
E -6.248572713022521 42.603476176904834 0 43 2
E 0.1699994137215768 42.87534676946293 5 4 2
M -5.541490796642354 48.26065925490222 5 100
M 18.98224779607977 42.21241086685804 0 42
M 29.63389289974534 44.11652427285217 0 45
E 24.03922466904295 70.4673641100599 6 4 2
E 32.42825325549053 77.82089661034375 0 23 2
E 20.594491765973665 75.89007533156396 0 43 2
M 39.84606266059566 45.57147260845911 0 45
E 47.574364019457114 63.078215563632305 0 51 2
E 37.043401703560036 54.90048379922106 0 47 2
M 32.871229527485454 53.84401115733256 0 42
M 25.847296983568917 78.10631596842084 6 100
E 30.981875374187098 60.87166502628319 6 49 2
E 30.45522159746841 64.21374380872025 0 12 2
