E 57.46888728217298 40.87568767262837 0 47 2
M 69.66028426986198 62.48635955978625 0 14
E 46.961879893974285 51.6858174330878 0 57 2
E 43.28659442175428 45.466677046189474 0 6 2
E 54.79317674207961 49.38059786266653 0 57 2
M 52.61406486953142 54.25760648713651 1 100
E 49.9407068281273 56.3663868818701 0 40 2
E 66.73929363209722 59.25838018179506 1 43 2
E 61.2466612208686 67.73389756550374 1 2 2
M 40.08945425926908 37.99040139337035 0 43
E 47.84168002230025 34.42296264678155 0 6 2
E 50.95691302650128 19.845242058967735 0 47 2
E 76.1056920632537 30.00269880474021 2 2 2
E 60.60816183706529 34.110187181065626 0 40 2
E 71.51199490435967 21.008180911112127 2 43 2
M 39.768465300021205 33.45362942054367 0 43
M 75.76800236747472 20.092518503586923 0 14
E 56.98452603793277 26.414930454881453 0 57 2
M 60.11858346492551 30.74060100643146 2 100
E 55.06525632316599 34.3496422551283 0 57 2
E 50.859030842385096 -1.731198760763533 3 2 2
E 46.667455008938006 13.74380029919553 0 40 2
E 40.55508560054597 24.956285600592082 0 6 2
E 44.103376429191705 18.663824822040503 0 57 2
M 42.10771809761273 -6.393841056199333 0 14
E 29.488025744328315 14.96955438633936 0 47 2
M 43.50451859539408 12.482994519294943 3 100
E 38.19134929585318 13.034332592214932 0 57 2
M 35.67901104075212 31.46322802717333 0 43
E 40.77270127226246 -2.250199270682937 3 43 2
M 31.910545740730917 34.00959860662965 0 43
M 19.38593513046858 17.742393512863487 4 100
E 10.753338779131393 4.2661024344962595 4 2 2
M 2.339715730138022 9.513640440213745 0 14
E 14.53111271782702 31.124312327371626 0 47 2
E 28.71340557824572 26.533322953810533 0 6 2
E 5.260706367902791 12.74161981820494 4 43 2
E 17.206823257920398 22.619402137333477 0 57 2
E 22.059293171872703 15.633613118129897 0 40 2
E 25.038120106025712 20.3141825669122 0 57 2
E 15.015473962067222 45.585069545118536 0 57 2
E 24.15831997769975 37.577037353218444 0 6 2
E 21.043086973498706 52.154757941032265 0 47 2
E 11.391838162934699 37.88981281893436 0 40 2
E -4.105692063253699 41.99730119525978 5 2 2
E 0.488005095640338 50.991819088887866 5 43 2
M 32.231534699978795 38.54637057945633 0 43
M 11.881416535074502 41.25939899356853 5 100
E 16.93474367683401 37.6503577448717 0 57 2
M -3.768002367474716 51.90748149641306 0 14
M 36.32098895924788 40.53677197282667 0 43
E 33.808650704146814 58.96566740778506 0 57 2
E 31.227298727737526 74.25019927068294 6 43 2
E 42.51197425567168 57.03044561366065 0 47 2
M 29.892281902387236 78.39384105619934 0 14
E 31.444914399454024 47.04371439940792 0 6 2
E 21.140969157614883 73.73119876076352 6 2 2
E 27.89662357080828 53.33617517795949 0 57 2
M 28.495481404605908 59.51700548070505 6 100
E 25.332544991061983 58.25619970080446 0 40 2
