E 40.57844511378406 39.1930618276892 0 22 2
M 44.130537762383206 31.34961861316316 0 26
E 36.71375361935922 24.236948537743 0 26 2
E 35.17453594006671 26.812430473095038 0 2 2
E 29.39394654063056 33.173100881054324 0 11 2
M 42.11176724886268 35.08602568996548 1 100
E 39.222646150141316 36.5303552221466 0 49 2
E 30.99577808795643 28.591280528072144 1 54 2
E 32.4540582563389 46.26297146634768 1 50 2
M 46.40925116247877 44.49477487988952 0 50
E 30.127901837798344 14.241473589309507 0 2 2
E 43.57248173417056 12.927876045839383 0 22 2
E 47.78579175780758 22.839349334556022 2 50 2
E 40.621132345265565 13.394495892850937 0 49 2
E 30.52838158241648 18.76540337201126 2 54 2
M 50.416528639943635 9.020769390404455 0 50
M 37.21058094881601 7.125877938201643 0 26
E 34.39095851536433 21.704696057347196 0 11 2
M 40.14028085031929 10.200456074624592 2 100
E 28.154117381525083 11.981722898692206 0 26 2
E 30.246369499313296 1.0197069733427653 3 50 2
E 19.049778570743058 4.915082771808665 0 49 2
E 16.61271567541561 15.15646852498472 0 2 2
E 13.85363211568 16.33534772743422 0 26 2
M 12.034050275116929 6.221600422330998 0 26
E 19.51801384211983 1.9639892409876523 0 22 2
M 15.86347490460371 4.385387134905375 3 100
E 25.028018997554746 13.408323267874602 0 11 2
M 17.917061401791436 -5.752448521942372 0 50
E 21.038983621505775 16.173560838435225 3 54 2
M -6.175991445115168 20.59120617450359 0 50
M 2.8310700904093125 25.677046498575976 4 100
E 4.074676899058699 10.958048503537615 4 50 2
M 3.3940554135337977 29.88646685722214 0 26
E 1.6574984831529462 21.453120328632618 0 22 2
E 13.306505365049196 28.292923378551556 0 2 2
E 15.641609654428965 24.39759121525848 4 54 2
E 14.244392166205097 19.749287724347894 0 11 2
E 4.319462559615556 22.810376587648385 0 49 2
E 13.575082403604796 31.281261484913017 0 26 2
E 16.942683780245268 31.964592069375982 0 11 2
E 24.77834118167014 35.49670403405918 0 2 2
E 14.673560826772606 44.461952556851145 0 22 2
E 16.786980374234496 42.3496895255454 0 49 2
E 5.439103587481529 38.91992372221593 5 50 2
E 21.795247053692346 32.07216404622289 5 54 2
M 11.433150240901332 51.645698077144814 0 50
M 19.053406905805005 44.65108460192858 5 100
E 27.703414479830904 36.164719351217556 0 26 2
M 23.23077560015006 45.41643616908205 0 26
