E 2.0306348826140264 17.128105927772275 0 38 2
M 14.693440836371897 19.479704003256177 0 43
E 3.814360875109498 23.30591248983804 0 4 2
E 0.003965226590093351 12.15394519234039 0 53 2
E 16.57101123302697 18.30317129411833 0 58 2
M 23.483021468047507 13.653767071341395 1 100
E 18.687387962568703 21.542482493116268 0 8 2
E 13.70478913290454 20.784701600271575 1 47 2
E 7.40265289679032 16.08645767008145 1 26 2
M 21.535990901948203 14.354470571122274 0 41
E 23.99603477340991 11.84605480765961 0 53 2
E 21.969365117385973 6.8718940722277235 0 38 2
E 16.59734710320968 7.913542329918547 2 26 2
E 5.312612037431295 2.4575175068837325 0 8 2
E 10.29521086709546 3.215298399728424 2 47 2
M 2.464009098051798 9.645529428877726 0 41
M 9.306559163628103 4.520295996743823 0 43
E 7.428988766973033 5.69682870588167 0 58 2
M 0.5169785319524905 10.346232928658607 2 100
E 20.1856391248905 0.6940875101619625 0 4 2
