E 36.311966856946334 33.05802298526352 0 28 2
M 34.47931424284792 46.321993183635584 0 35
E 30.19665245915836 37.99309909974215 0 35 2
E 46.463503644147934 30.200017532482537 0 21 2
E 45.08971060811929 26.094042243081255 0 24 2
M 28.65892798766938 27.94497682282333 1 100
E 41.08303791684836 39.54106996119414 0 37 2
E 42.81238212157257 44.95543127894963 1 20 2
E 39.435883977263245 24.469982892121113 1 20 2
M 32.01932766933642 36.52893271040291 0 5
E 36.838171454656994 4.551849263372915 0 21 2
E 36.41929877786367 15.089706730176554 0 28 2
E 29.21693076427332 9.464834659378754 2 20 2
E 44.0593848886503 12.555520199843176 0 37 2
E 49.743145249861676 12.583945785895741 2 20 2
M 38.393831629738386 20.24481929266625 0 5
M 48.46776326442807 20.931455145100006 0 35
E 32.50863150503822 4.589587939420268 0 24 2
M 29.1915838377384 20.78816105904487 2 100
E 39.22309900008886 22.430738725294155 0 35 2
E 11.788356552012637 14.546790895275512 3 20 2
E 19.314343737753553 1.3858525387473377 0 37 2
E 9.470922668228773 5.780364293950615 0 21 2
E 27.211740137001094 9.037044095260653 0 35 2
M 28.642595083254708 -0.2184581999673952 0 35
E 19.363581904213454 9.43511292425615 0 28 2
M 22.54964727949757 18.06999754527593 3 100
E 8.168912859742504 9.909663367839585 0 24 2
M 24.8765495061852 9.150237978566956 0 5
E 21.097756620167356 -4.010940800677531 3 20 2
M 10.147905757906006 18.577523053240782 0 5
M 17.912048885315226 23.546895870565344 4 100
E 11.235858526375528 32.69276081114155 4 20 2
M 2.4015182930264927 12.100714532201541 0 35
E 8.715237252885172 23.908698014709685 0 28 2
E 2.18236492913276 32.18779660764737 0 21 2
E -3.536830302222623 18.104340742424352 4 20 2
E 5.707218563421277 34.702105108976866 0 24 2
E 1.0447202816826064 21.468168042500533 0 37 2
E 10.761865567610059 16.32164595341099 0 35 2
E 28.525526463678716 44.70460134068202 0 24 2
E 25.04503730383355 47.279972302546554 0 21 2
E 19.189915208091367 38.50845934559409 0 28 2
E 14.498513175065185 45.049389257714815 0 37 2
E 28.322970180075266 38.82563074208307 5 20 2
E 9.883546310621018 48.3672229934078 5 20 2
M 14.562385436833997 35.49848696512309 0 5
M 21.68779200977943 29.64996870229053 5 100
E 12.606642836141623 34.217472126292044 0 35 2
M 6.008809116442811 40.864295339030264 0 35
