M 49.41374621324796 55.5511505406432 0 5
E 36.43249437833718 45.3578079715611 1 1 2
E 34.168222291091816 41.010946075301156 0 15 2
E 53.0912289500248 52.90545121072288 0 11 2
E 31.180290716236772 30.18172844721688 0 26 2
M 57.31088541516912 34.000945977955595 1 100
E 38.947797880738996 50.74573758304264 0 39 2
M 55.489749136707495 38.456714262906395 0 36
E 42.39517077632819 57.68893153669855 0 23 2
E 46.33836565714189 47.39070712223993 1 55 2
E 46.59389342649034 28.628157965009894 2 1 2
E 51.58837797995568 19.835314921131832 2 55 2
E 52.495390521082456 27.90092399303444 0 39 2
E 30.537563913541952 28.933634001751727 0 26 2
M 42.2446534683937 5.262164760877516 2 100
E 60.164057185292656 26.76784246350609 0 23 2
M 45.919578871780054 8.371076408616648 0 36
E 41.76008353976956 29.438354490104597 0 15 2
E 58.919960799199146 15.117109925755198 0 11 2
M 60.29976572489304 19.43216990108154 0 5
E 34.95511805149218 7.956962099683231 0 39 2
E 29.151942053457567 29.159221121418476 0 26 2
E 33.8230957649273 13.794347023619192 3 1 2
M 29.312538855895042 -2.082428729108969 0 5
E 27.00398569645052 6.327172014080627 3 55 2
E 36.247241802778156 0.31348524875408934 0 23 2
E 24.782289777194844 -2.1035831274346073 0 11 2
E 33.09990904702395 18.641937909954727 0 15 2
M 14.349091692637279 8.175875817544252 0 36
M 10.256726608762483 10.710231036171827 3 100
M 4.407627839461698 38.14087307192718 0 36
E 3.696950584763408 14.884882412698806 0 23 2
E -2.144683060340517 25.041784540832563 0 11 2
E 10.567040853007859 18.47572936926768 0 39 2
E 15.768909698480508 21.35619768570087 4 1 2
M 5.553332526640109 42.816102384343836 4 100
E 20.155765613324537 23.541977091915747 0 15 2
E 28.938307451065377 30.546736074261865 0 26 2
M -0.7246400778948043 20.73979870268302 0 5
E 6.559983349669894 25.53407277374028 4 55 2
E 20.81601950879014 37.366784432723776 0 15 2
E 17.38160673176466 40.86348935410894 5 1 2
E 7.496579650837591 50.34485833834247 0 23 2
E 30.191895865698324 31.17868035535104 0 26 2
E 18.509287316782014 50.91273316880732 5 55 2
E 13.03465269367851 44.92064695497201 0 39 2
M 34.63440198103459 57.210555840651224 5 100
M 29.833952459413467 56.85546043900551 0 36
E 15.351203533921725 59.03923745012397 0 11 2
M 11.698589283858746 56.359309584701215 0 5
