M 52.393310226939796 49.56176185509754 0 37
E 44.26879920761825 32.667554648622115 1 47 2
E 50.11832484614228 34.61566462727335 0 44 2
E 30.723065085221823 30.376076443878567 0 39 2
E 58.38078681511107 55.18503832661336 0 18 2
M 46.61793451624641 47.464517357152964 1 100
E 34.437065270851086 40.85198480178224 0 35 2
M 38.125300322510746 37.18697032199873 0 43
E 55.214763758905576 45.7144278603259 0 16 2
E 41.35063229831493 58.706607095478354 1 27 2
E 36.946296675623316 17.253885253735664 2 47 2
E 60.80914401595986 28.07573663196461 2 27 2
E 41.69197943431483 29.133547887379507 0 35 2
E 62.72254025327059 10.790872608812954 0 18 2
M 51.74496721340031 19.592237752874215 2 100
E 52.7370995270644 10.87535988596982 0 16 2
M 39.346070841212835 24.493276148987032 0 43
E 40.60666219661508 12.292654868296465 0 44 2
E 30.581109351948534 29.428538251336857 0 39 2
M 55.5242545029392 14.747613240390734 0 37
E 32.78897541532025 18.612518342994147 0 35 2
E 21.842855259646747 -7.056931948593556 0 18 2
E 20.024248233857364 19.45491321368028 3 47 2
M 23.381546593379177 1.01174471790506 0 37
E 37.690465867838704 0.10413273976943138 3 27 2
E 18.837536554409393 2.465894526593786 0 16 2
E 29.6360802454628 29.270740772177152 0 39 2
E 16.43695289855446 14.440594230808875 0 44 2
M 27.650889118623105 19.409687171415545 0 43
M 26.82119430588707 6.103131827295313 3 100
M 19.20209879075402 28.961550571453735 0 43
E 0.3641186653823336 32.10762708164062 0 16 2
E 29.193975870569954 30.120754759259125 0 39 2
E 20.031702166140935 23.828601402324903 0 35 2
E 16.88834966956874 36.228892698001346 4 47 2
M 6.290422824006205 25.638685491718697 4 100
E 11.01091370367583 38.09110352159222 0 44 2
E -7.763932953961335 26.306683928164357 0 18 2
M 0.3853163388116059 27.33665972071592 0 37
E 3.943825279685413 13.447601278057695 4 27 2
E 31.827146355012342 50.559982752029086 0 44 2
E 31.87230621333233 44.39475418596059 5 47 2
E 22.84648149423829 58.836690645469865 0 16 2
E 14.817750625932922 64.77433708500287 0 18 2
E 6.205932538201097 49.66592225472991 5 27 2
E 21.0502777133729 37.57334756551921 0 35 2
M 18.525481140460013 51.2014275709588 5 100
M 25.675640926899284 39.94851578614496 0 43
E 29.86576944679689 30.8038897733483 0 39 2
M 18.315572337930217 57.34222046589074 0 37
