M 47.274295211865606 46.09423956081023 0 56
E 50.71503348666441 55.52206112332421 1 31 2
E 49.016703240066114 50.96560637807755 0 6 2
E 40.69137771478558 53.78976628043874 0 24 2
E 58.564188133377954 58.38862252200331 0 18 2
M 56.85870279213972 34.64638615192247 1 100
E 38.70746981247721 43.72517143986535 0 34 2
M 37.00043245487175 40.33871124127007 0 29
E 30.719954546505257 30.608844174673987 0 29 2
E 42.89092255982077 37.992888043197766 1 50 2
E 60.67421992704611 18.18558303581884 2 31 2
E 41.58520240165687 20.209942337910682 2 50 2
E 45.74416988521437 25.960015320028276 0 34 2
E 65.82600400193161 11.606409549264601 0 18 2
M 42.718771436646456 5.891667973673147 2 100
E 30.801523409779673 29.5034257340103 0 29 2
M 41.99595129263315 26.537030570397906 0 29
E 55.81596104211544 18.392769133285718 0 6 2
E 55.92922964930032 27.18333762904404 0 24 2
M 50.64458219544007 18.544562510180995 0 56
E 31.02296230123781 13.777980713883258 0 34 2
E 23.577500020905536 -9.75648659570329 0 18 2
E 28.24267700663942 -2.8237723644515125 3 31 2
M 25.484758268457284 6.82591071448185 0 56
E 24.269126290950087 15.956523569809704 3 50 2
E 29.77541416351729 29.084256051005855 0 29 2
E 35.33376751058354 4.469440639477609 0 24 2
E 26.938438136204393 1.86073043102612 0 6 2
M 30.413473171363773 17.521055949234004 0 29
M 11.001930250849126 10.453845243739904 3 100
M 18.259589180705873 25.750557862520417 0 29
E 29.059674909882187 29.930613380519265 0 29 2
E 7.367219960330222 17.03790893435634 0 24 2
E 14.888055586160402 24.014225394995268 0 34 2
E -1.760305266154667 21.528210003960623 4 31 2
M 5.539775737737115 42.028144037592696 4 100
E 2.2918896673983937 24.216205854492816 0 6 2
E -9.795327281757473 23.822730461311163 0 18 2
M 6.5648449470446 27.13306265304402 0 56
E 14.872922860917106 31.110711908023678 4 50 2
E 15.937007914215656 54.56468820311778 0 6 2
E 12.128374845804728 57.58791820134784 5 31 2
E 29.643432970315597 30.872860659790597 0 29 2
E 11.827635125542383 65.93872406312421 0 18 2
E 26.38182588665516 44.72993414105817 5 50 2
E 19.63734241491021 42.52260713122784 0 34 2
M 33.88081978262758 56.97995659307177 5 100
M 22.33055390042545 39.85264437657761 0 29
E 10.678405165000346 47.51954651668326 0 24 2
M 20.03151937719243 51.402224561482896 0 56
