E 35.74611702640757 34.90345684417501 0 18 2
E 33.260841021602026 33.45488882657166 0 23 2
M 40.766669498852394 40.070369758449615 1 100
E 29.309110850011347 30.586476564785904 1 44 2
E 39.23432453797251 38.5827647014346 0 0 2
E 44.88289987865654 45.22001623494325 0 3 2
E 27.342955655846787 25.087332240747525 0 47 2
E 25.62660657964161 27.609039697466073 1 46 2
M 42.78859676968644 32.09314145800335 0 21
M 46.739781335581725 46.938274789052414 0 43
E 42.57669857495509 14.017618494520491 0 0 2
E 35.85389088723689 18.114138127368378 0 23 2
M 52.84257459176213 9.461499513127704 0 43
E 27.93504979811437 23.56825981287411 2 46 2
M 37.50303062322389 8.631900858551113 0 21
E 37.9995534608725 16.19813232315354 0 18 2
M 44.46501569225955 13.019967077799384 2 100
E 50.634605670467124 10.696527628774183 0 3 2
E 26.06714452203925 21.15666438074395 0 47 2
E 31.90471693403888 20.986068721934576 2 44 2
M 19.0859100851814 -7.923562235396385 0 43
E 24.805387943016477 20.124130192580886 3 46 2
E 20.246706580111475 3.2477842395107217 0 0 2
E 23.57627288667154 15.550811465613254 3 44 2
M 19.881405779263968 1.1435966980375754 3 100
E 22.065266445643026 10.907448483054887 0 23 2
E 20.906082839732864 8.27472375580469 0 18 2
E 21.934609918431626 21.155389705129004 0 47 2
E 19.578191702642833 -5.442014328755965 0 3 2
M 13.556735106596602 6.408850930103161 0 21
E 20.65637420752457 25.085269772277915 0 47 2
M -7.879649182893094 18.808653983424758 0 43
M 0.9895530934566921 20.853998821012507 4 100
E 10.9503780169956 21.794220035700544 0 23 2
E 3.1036385218024676 21.156806823625892 0 0 2
M 4.042676719134258 28.496171115086536 0 21
E -5.367433489970158 19.10730681879321 0 3 2
E 8.088300575705848 22.083112475452463 0 18 2
E 20.56270732479918 22.036320910171366 4 46 2
E 15.833405307969254 21.792045586458507 4 44 2
E 10.271736238203664 50.41816364624532 0 3 2
E 17.25994609728122 38.540574601414285 0 18 2
E 14.838631785158451 42.995025740908304 0 0 2
E 17.86962362852245 35.72930452730452 0 23 2
E 21.070248354428365 26.662249386907565 5 46 2
M 9.211383170367853 52.71513394979151 0 43
M 22.108960781358803 44.36993563825584 0 21
E 23.99891569615776 27.515343901101602 0 47 2
E 19.376494021308975 31.08459766120776 5 44 2
M 13.897355936167392 44.91206764470091 5 100
