M 58.18414095806105 52.63448346942884 0 12
M 46.63331261388015 48.24464487093485 0 13
E 53.287291615903804 30.1006981999381 0 7 2
E 40.08400719565225 43.936456163023635 0 44 2
M 48.57760026643015 35.5546482133103 1 100
E 36.62910922473065 39.58323837094232 0 39 2
E 44.627212720306154 46.09203754569076 0 17 2
E 56.27717883597287 54.963402630477944 0 53 2
E 51.10241364913218 50.49796390042725 1 45 2
E 41.92559459319663 57.298050466532196 1 20 2
E 37.29193854150983 7.883587016913035 0 7 2
E 61.861701565160935 12.723033488436858 0 53 2
E 41.162708707903946 26.656725992354872 0 39 2
E 49.82449447920748 21.061407102855643 0 17 2
E 59.64720017567314 27.09364705890951 2 20 2
E 56.01572657819586 16.264631184753256 2 45 2
M 60.236051524475116 10.189729136607237 0 12
E 46.370487042761184 24.71614104194349 0 44 2
M 41.02357857602747 14.048132905172343 2 100
M 52.491664662433685 19.818684972449496 0 13
E 23.41443567070232 -5.6411551571176695 0 53 2
E 30.269824163268417 18.35050465862891 0 39 2
E 11.219374246624614 16.230606867284695 0 7 2
M 27.267300611068798 5.462956391868866 0 13
M 20.50276656965764 -4.877904189347285 0 12
E 36.39738278664124 0.90572463257066 3 20 2
M 18.235345971209988 14.586555738065158 3 100
E 30.033510209163914 12.797939409136834 0 44 2
E 24.97618961821686 1.0131113237348828 3 45 2
E 27.624998677628717 8.38360823227563 0 17 2
E 0.8793878528275805 25.820486385205452 4 45 2
E 4.306599825514658 14.925101885970324 4 20 2
M 11.705465368296922 36.42583465724989 4 100
E -5.931804155765812 25.249521226155824 0 53 2
M -6.105664583518436 28.254540618013788 0 12
E 11.100996412912577 43.60646002260951 0 7 2
E 8.707673980241125 25.57892807055728 0 17 2
E 13.650223405472236 24.65240083636797 0 44 2
E 19.00405179598193 26.143489934894234 0 39 2
M 5.819434234170762 25.016588094287105 0 13
E 19.861772146950415 43.89706254952806 0 44 2
E 37.10039918304917 52.17864789325465 0 7 2
E 7.7232226189743445 49.777475956017305 5 20 2
E 22.93430610811505 39.26604104317966 0 39 2
E 14.378488083929682 62.70519781204704 0 53 2
E 19.215620142616537 48.88401904862069 0 17 2
E 17.026282301627525 56.40380720587915 5 45 2
M 30.45800981803547 49.384828486202295 5 100
M 17.7882878784466 51.457125670459675 0 13
M 17.182705531324647 63.799150965297414 0 12
