E 61.11734689936799 69.86230109185227 1 60 2
E 55.30860741029018 49.2394597339067 1 19 2
E 69.59809537083672 61.28533041176668 0 24 2
E 58.12444355166364 40.71495587795589 0 17 2
E 46.16912930373595 38.37256272166469 0 40 2
M 42.17336069104317 46.57771699680394 0 23
M 48.668658373164284 57.586079899856216 0 38
E 51.521101847258954 43.4458930984094 0 15 2
M 65.40659830170827 54.62059191326313 1 100
E 39.69881254852784 36.068676901801624 0 20 2
E 77.8842864258256 31.17889005540716 2 60 2
E 37.908882215877334 32.83107282003904 0 20 2
M 66.82920478124308 19.843434788467864 2 100
M 48.247251978796236 35.942571313234325 0 23
E 51.14549334386438 19.197147778642424 0 17 2
E 43.13926424090154 28.37955704942825 0 40 2
E 50.208883500715245 26.281278054752867 0 15 2
M 61.028422747978276 35.8216599669014 0 38
E 57.120012167089456 25.8979853379416 2 19 2
E 74.69678616509154 19.545861095966394 0 24 2
M 42.07389128775306 25.36485431643039 0 23
E 29.02104979220075 14.482191900686539 0 17 2
E 52.76693952645761 -2.683411036445105 3 60 2
M 37.42260647953482 1.2228428752047413 3 100
E 34.6877816534563 18.835384956343468 0 15 2
E 41.098690794254836 -5.739469315800288 0 24 2
E 37.81140475679929 12.6585256040349 3 19 2
M 48.35976437481399 14.235580067045188 0 38
E 32.970134937165604 26.00699432776356 0 40 2
E 34.21006966734949 32.76239591823741 0 20 2
M 23.331341626835716 14.413920100143788 0 38
E 20.478898152741046 28.554106901590604 0 15 2
E 2.401904629163279 10.71466958823332 0 24 2
M 29.82663930895683 25.422283003196064 0 23
E 10.882653100632014 2.137698908147738 4 60 2
E 25.83087069626405 33.62743727833531 0 40 2
E 16.691392589709828 22.760540266093297 4 19 2
E 13.875556448336365 31.28504412204411 0 17 2
E 32.30118745147216 35.931323098198376 0 20 2
M 6.593401698291723 17.37940808673688 4 100
E 14.879987832910539 46.102014662058394 5 19 2
E -5.884286425825591 40.82110994459283 5 60 2
E 21.791116499284755 45.718721945247125 0 15 2
E 20.854506656135616 52.80285222135757 0 17 2
M 5.170795218756901 52.15656521153212 5 100
M 23.752748021203764 36.057428686765675 0 23
E 28.860735759098453 43.62044295057174 0 40 2
E 34.091117784122666 39.16892717996096 0 20 2
M 10.971577252021723 36.17834003309859 0 38
E -2.6967861650915537 52.4541389040336 0 24 2
M 23.64023562518599 57.764419932954794 0 38
E 34.1885952432007 59.3414743959651 6 19 2
E 37.78993033265051 39.23760408176259 0 20 2
E 39.029865062834396 45.99300567223644 0 40 2
E 19.233060473542373 74.6834110364451 6 60 2
M 29.926108712246936 46.635145683569604 0 23
E 30.901309205745143 77.73946931580028 0 24 2
E 37.3122183465437 53.164615043656525 0 15 2
E 42.97895020779924 57.51780809931347 0 17 2
M 34.577393520465165 70.77715712479525 6 100
