M 37.66250229742615 44.3259298223485 0 41
E 40.53099282337972 50.05568004938501 1 6 2
E 49.933222051269276 30.60587681319172 0 55 2
E 42.40339927105122 46.611815008202974 0 54 2
E 54.22214773496804 39.5673712368139 0 5 2
M 51.93179566558899 37.757053442846384 1 100
E 34.36771870906407 41.27954216799795 0 21 2
M 56.84097721138706 34.11192607093363 0 45
E 48.00904682923488 58.85789894024574 0 27 2
E 45.40141935342442 54.3992098911054 1 6 2
E 52.328340949763266 26.181976621273776 2 6 2
E 57.964327877092316 22.892150269404294 2 6 2
E 42.07718138745062 29.331622879080566 0 21 2
E 46.58416604895244 9.919848861664304 0 5 2
M 44.154693801894624 11.538684158302006 2 100
E 63.01059435643555 21.789959855282312 0 27 2
M 42.20499218823464 5.743368754912515 0 45
E 36.73592745774978 11.22960550915609 0 55 2
E 49.63163607381373 23.336999444003702 0 54 2
M 45.99261233887337 27.139483034234832 0 41
E 33.09638987667803 18.30737805397104 0 21 2
E 16.027430558356624 8.022412860459749 0 5 2
E 33.26868079597009 7.584651732720471 3 6 2
M 32.22147569689854 13.906173467412907 0 41
E 31.881485747164824 1.2078973884596635 3 6 2
E 32.39262247187776 -3.9319827986823697 0 27 2
E 29.729619077334206 9.270224181131875 0 54 2
E 14.229810063373765 17.793381409222967 0 55 2
M 10.702122793368906 10.896651367029623 0 45
M 16.81628620432935 10.833225889937387 3 100
M 5.868263787345459 42.45011249097295 0 45
E -1.53187234656831 17.2389214694552 0 27 2
E 10.201259326069255 23.85129452077011 0 54 2
E 19.836492798757497 23.441939340670594 0 21 2
E 9.691814880520312 19.96457627988141 4 6 2
M 7.697322974430034 36.61559798698778 4 100
E 13.517559152373655 41.22628931403736 0 55 2
E 4.780311125943809 36.49725529538724 0 5 2
M 15.380335146991786 22.91398515958148 0 41
E 3.1984942640040366 19.31335170908917 4 6 2
E 35.583481275233524 49.144846954391866 0 55 2
E 14.180170550366615 46.21311531673933 5 6 2
E 8.11960868902012 56.04520253369911 0 27 2
E 28.38594453177908 55.99311174567481 0 5 2
E 11.554272758314397 52.18739074194148 5 6 2
E 20.622217228049784 37.63951755827985 0 21 2
M 29.399901353756995 53.25543852192644 5 100
M 34.383644019663926 56.797941316151274 0 45
E 18.034086251731598 46.92966684589134 0 54 2
M 18.743074519810143 41.71442851642228 0 41
