M 34.02602708513 44.88146254117908 0 48
M 32.30168591921386 41.97501052225841 0 27
E 27.363325179661153 31.493039651698627 0 16 2
E 42.632411333495455 47.24291209676655 0 48 2
M 29.365453971459225 40.335190798614654 1 100
E 36.54010071844017 37.14149443560173 0 46 2
E 25.639105987082655 27.993160109355948 0 44 2
E 39.66895593776044 33.093071754748486 0 26 2
E 45.96805890956841 30.11876859936037 1 19 2
E 38.05519290302944 26.064970636272314 1 45 2
E 32.165628825730415 23.1167642633639 0 16 2
E 37.489998814373166 11.907851055139407 0 26 2
E 40.37340815000703 16.13460060881468 0 46 2
E 28.304232548203107 23.675071905137752 0 44 2
E 30.307197245839177 11.270828221281846 2 45 2
E 36.60779828461047 4.997937905549304 2 19 2
M 46.95766377493022 20.917408400763616 0 48
E 51.86305475553976 13.461978623651394 0 48 2
M 41.19370611366456 23.945001600691196 2 100
M 43.66061291866811 21.659211235742287 0 27
E 16.66832183771797 7.4335692003014895 0 26 2
E 21.579222029938705 5.997421405553011 0 46 2
E 25.683310974156132 15.961090642981716 0 16 2
M 27.849241104178304 4.578302460946458 0 27
M 28.16258943006909 1.2133910770579361 0 48
E 13.8428693686489 14.067968555843914 3 45 2
M 29.26084079936234 7.630818321285662 3 100
E 22.587903535827515 -5.755767481522943 0 48 2
E 9.823988953623477 6.137311169933083 3 19 2
E 25.021056023190436 19.806023284119433 0 44 2
E 2.630945063834882 31.962313267006245 4 19 2
E 11.41535079581316 30.590838768896987 4 45 2
M 10.057672309743534 13.938287753841283 4 100
E 5.978774886761168 25.853531638373813 0 26 2
M 3.6149579740635316 12.999692796506547 0 48
E 16.874714569933772 19.914916521519235 0 16 2
E 20.326814778546385 21.732907936422396 0 44 2
E -4.735778365791899 16.14794571142857 0 48 2
E 6.130468785278117 20.73919393467577 0 46 2
M 6.718348914607262 14.337519565902436 0 27
E 7.6524087409291806 48.90293104967642 0 48 2
E 17.913020450518523 29.51418892043652 0 16 2
E 26.379389686669317 38.00539381770494 5 45 2
E 15.37680031633597 39.98728961535481 0 46 2
E 20.193948523387256 41.7119763514368 0 26 2
E 20.70879066297742 26.792836764964466 0 44 2
E 24.96920878836276 46.783669058151 5 19 2
M 10.122326805770346 34.1507015255672 5 100
M 9.470111143332474 37.44995621515041 0 27
M 7.238761735807159 39.988045184492805 0 48
