M 52.82950699537539 44.042096844056296 0 34
E 50.45535490490896 41.99987302841846 1 58 2
E 58.828435715499175 32.88178612873496 0 29 2
E 54.79036743487359 45.79281190766039 0 13 2
E 40.563780506339306 40.0936122208149 0 18 2
M 43.48134430205609 55.2257275797224 1 100
E 48.0623954269224 48.141020416415344 0 24 2
M 45.4550767668846 51.631907313366845 0 12
E 36.21324499004099 30.576685082018678 0 16 2
E 33.42321693900796 37.7223000870439 1 5 2
E 47.73360972997965 14.253966120679184 2 58 2
E 38.402176028155374 29.130649186024232 2 5 2
E 52.83472282531458 18.427524733300903 0 24 2
E 42.863983376868035 23.072345423596747 0 18 2
M 58.15705708933655 24.97365817071805 2 100
E 32.46845839724173 24.269058355629575 0 16 2
M 55.34904778060709 21.985975511586627 0 12
E 41.649218033637304 3.4730492461116653 0 29 2
E 52.68050150957932 11.3032067781464 0 13 2
M 50.40953334076009 12.627095169714657 0 34
E 26.05023940280505 4.706796534797109 0 24 2
E 27.386598451278793 15.624861788649136 0 18 2
E 20.504618651444314 8.268542846153903 3 58 2
M 19.78427830373854 5.220857487510134 0 34
E 31.769613425851663 21.740411561771694 3 5 2
E 25.312346199269488 25.881398194218196 0 16 2
E 19.226953379939737 2.651934400605434 0 13 2
E 8.371176971646898 10.7236566874674 0 29 2
M 30.21149634397566 3.4151531661197083 0 12
M 33.920674002325086 1.6678223307060378 3 100
M 4.781664148466215 21.583685559365318 0 12
E 24.634412226414184 33.18550574227057 0 16 2
E 0.6613895168362607 31.794759154865982 0 13 2
E 4.72419087819385 25.940415840837098 0 24 2
E 6.397921860471127 32.315254733181874 4 58 2
M 4.266052702908434 17.516093054357505 4 100
E 4.983434198184041 44.61351540793145 0 29 2
E 15.520845639770641 28.04333056881105 0 18 2
M 3.2768034313406 32.05855254548914 0 34
E 22.69150521596909 25.76464442606501 4 5 2
E 36.16773508103257 58.307992529754515 0 29 2
E 24.908494853195958 53.16236327156656 5 58 2
E 31.371538187033604 36.087352625862984 0 16 2
E 23.66479202574323 43.16584999812817 0 18 2
E 23.713488391015918 35.64199473909517 5 5 2
E 18.32845146676412 52.784242474649545 0 24 2
M 10.174871903373836 50.61669886449601 5 100
M 14.202714960066434 51.3832784495615 0 12
E 22.64078815877109 58.45728775872179 0 13 2
M 23.69987792878538 56.05139795322977 0 34
