M 70.21456870723583 44.102718564944645 0 10
M 53.441006837761186 50.801017455849724 0 18
E 43.06215326100126 41.619556296529844 0 26 2
E 55.56502983539885 66.02181691454632 0 16 2
M 57.8599678726109 47.92171584023752 1 100
E 63.59284789274636 70.6117819318896 0 10 2
E 49.5697191776557 53.38266399387554 0 23 2
E 40.01965093906358 38.978149988879544 0 25 2
E 66.61840314536198 55.54748097021004 1 15 2
E 60.948942781552795 61.57731994459122 1 55 2
E 44.39775514129227 32.69377401881872 0 26 2
E 40.58897901618182 34.00795516686473 0 25 2
E 79.77110636963681 29.409783728066532 0 10 2
E 57.838688192973144 32.93961046686705 0 23 2
E 70.62508022351477 27.182241725906504 2 55 2
E 68.23781667287577 19.257425537908187 2 15 2
M 60.12444447057577 10.420673602477995 0 10
E 71.78217103346188 34.06709559401728 0 16 2
M 57.25449271065048 23.02957041652606 2 100
M 57.53856053750337 28.29615373884558 0 18
E 36.569328077118236 31.029805177985196 0 25 2
E 52.17825847689046 -5.201998203823059 0 10 2
E 37.335601880291016 27.074217722288875 0 26 2
M 40.09755369974219 13.495136282995855 0 18
M 25.909875763339944 2.3179550375333458 0 10
E 45.676137441962 1.604921781315285 3 55 2
M 35.3945248380396 11.107854576288535 3 100
E 52.21714119806304 4.0452786794709645 0 16 2
E 37.61941352751379 -0.2900554323018468 3 15 2
E 44.268969015317445 15.556946472991513 0 23 2
E 5.381596854638021 16.452519029789965 4 15 2
E 11.051057218447212 10.422680055408781 4 55 2
M 14.140032127389105 24.07828415976248 4 100
E 31.98034906093642 33.021850011120456 0 25 2
M 1.7854312927641658 27.897281435055355 0 10
E 28.93784673899874 30.380443703470156 0 26 2
E 22.430280822344297 18.617336006124457 0 23 2
E 16.434970164601147 5.978183085453685 0 16 2
E 8.407152107253633 1.388218068110404 0 10 2
M 18.558993162238814 21.198982544150276 0 18
E 0.21782896653810652 37.93290440598271 0 16 2
E 27.602244858707728 39.30622598118128 0 26 2
E 1.3749197764852128 44.81775827409349 5 55 2
E -7.771106369636814 42.59021627193345 0 10 2
E 31.411020983818183 37.99204483313527 0 25 2
E 14.161311807026854 39.060389533132934 0 23 2
E 3.7621833271242267 52.74257446209181 5 15 2
M 14.74550728934951 48.970429583473944 5 100
M 14.46143946249662 43.70384626115441 0 18
M 11.875555529424215 61.579326397522 0 10
E 34.380586472486186 72.29005543230184 6 15 2
E 19.782858801936943 67.95472132052903 0 16 2
E 27.73103098468254 56.44305352700849 0 23 2
M 46.09012423666003 69.68204496246666 0 10
E 34.66439811970898 44.92578227771112 0 26 2
E 35.430671922881764 40.970194822014804 0 25 2
M 31.902446300257793 58.50486371700415 0 18
M 36.60547516196039 60.89214542371146 6 100
E 26.32386255803798 70.3950782186847 6 55 2
E 19.821741523109527 77.20199820382307 0 10 2
