E 62.88158140957189 69.85145577619896 0 13 2
E 68.66759084885453 62.758214601249804 0 22 2
M 57.39704890616888 46.34583086961412 1 100
E 60.822317442400255 65.06329819878256 1 28 2
E 65.67400135806955 49.33497388357717 0 19 2
E 46.251508845109434 38.41306584699436 0 10 2
E 41.9761887893311 44.205955819647244 0 46 2
E 49.58089814293507 41.173032057294634 1 58 2
M 52.246052149832416 53.58085515128403 0 44
M 55.2569854211083 55.80236940582866 0 3
E 62.38542682101464 16.969047933766426 0 19 2
E 75.5070890290253 21.088143745080828 0 22 2
M 62.77784767112553 29.224146127927973 0 3
E 47.27042624767596 26.825113230656637 2 58 2
M 59.34849325618268 30.720933702680348 0 44
E 78.75701136205973 29.64559549351073 0 13 2
M 55.65827680942751 22.64252751604678 2 100
E 43.21553074705644 28.328465836511537 0 10 2
E 46.09466059681282 34.92744660045112 0 46 2
E 73.58071327910834 29.034891613471096 2 28 2
M 43.52086225001723 9.421776722099315 0 3
E 33.68952810474089 21.65208117336201 3 58 2
E 32.711425462945094 3.6340740501892563 0 19 2
E 48.758395836708104 -0.02840658531147113 3 28 2
M 34.26122790325864 12.296696646432656 3 100
E 42.83949818017076 -5.670070856168968 0 22 2
E 51.875429952487835 -4.2058602826882305 0 13 2
E 40.118471807481725 26.72149078080388 0 46 2
E 32.964021901947014 25.91539998951718 0 10 2
M 43.10244110635027 13.140078551396323 0 44
E 30.023811210668903 27.794044180352756 0 46 2
M 16.743014578891707 16.19763059417134 0 3
M 14.60295109383112 25.654169130385878 4 100
E 3.3324091511454723 9.241785398750205 0 22 2
E 6.3259986419304495 22.66502611642283 0 19 2
M 19.753947850167584 18.41914484871597 0 44
E 25.748491154890566 33.58693415300564 0 10 2
E 9.11841859042811 2.148544223801042 0 13 2
E 22.41910185706493 30.82696794270537 4 58 2
E 11.17768255759975 6.936701801217438 4 28 2
E 28.784469252943552 43.67153416348846 0 10 2
E -6.757011362059719 42.35440450648926 0 13 2
E 9.614573178985356 55.03095206623357 0 19 2
E -3.5070890290252925 50.91185625491916 0 22 2
E 24.729573752324036 45.17488676934336 5 58 2
M 9.22215232887447 42.77585387207201 0 3
M 12.651506743817306 41.27906629731964 0 44
E 25.905339403187185 37.07255339954888 0 46 2
E -1.5807132791083511 42.96510838652889 5 28 2
M 16.341723190572473 49.35747248395322 5 100
E 39.03597809805298 46.08460001048282 0 10 2
M 28.89755889364971 58.85992144860368 0 44
E 29.160501819829214 77.67007085616896 0 22 2
M 37.73877209674134 59.70330335356734 6 100
E 39.28857453705489 68.36592594981076 0 19 2
M 28.479137749982748 62.578223277900676 0 3
E 23.24160416329188 72.02840658531146 6 28 2
E 20.124570047512144 76.20586028268822 0 13 2
E 31.881528192518278 45.278509219196124 0 46 2
E 38.31047189525909 50.347918826637994 6 58 2
