E 62.14476778025795 62.40891122443067 0 39 2
E 67.09103927791041 45.01885537637096 0 39 2
M 47.57110380847774 49.5058970469751 1 100
E 50.292600046848264 38.27495176986057 1 35 2
E 38.07078371172712 36.10321044845971 0 19 2
E 56.783065939291006 40.90599670778495 0 42 2
E 59.48211435429361 56.016745468994415 0 30 2
E 64.79434521369959 68.51421948663588 1 20 2
M 69.44234600435414 70.81220698928465 0 28
M 52.78826403918331 59.37714287874542 0 56
E 37.124774726165654 34.25825392413114 0 19 2
E 59.35607750795032 13.583797843455281 0 39 2
M 64.63933162048366 33.14950829599921 0 56
E 78.55531266649947 27.320475302915252 2 20 2
M 82.86942861669975 24.444182292722626 0 28
E 71.94317189677393 26.562422538467064 0 39 2
M 53.482001847816534 32.73207867551896 2 100
E 50.6402507494701 20.454335281939372 0 42 2
E 65.07606725438303 25.67226516910774 0 30 2
E 45.11646604850776 24.759721158229034 2 35 2
M 47.851067581300356 9.772365417253797 0 56
E 49.760967452799925 -5.193744183720621 3 20 2
E 35.05399101443853 34.15504347567143 0 19 2
E 30.823866001659496 22.48476938836846 3 35 2
M 41.9108980393388 19.226181628543863 3 100
E 28.26503823003992 4.564942467084321 0 39 2
E 45.798404116516 0.15351131403639898 0 39 2
E 41.593952900089434 5.655519700113317 0 30 2
E 29.857184810179092 15.54833857415441 0 42 2
M 49.42708261234563 -10.368024696562008 0 28
E 12.5178856457064 15.983254531005576 0 30 2
M 19.211735960816686 12.622857121254587 0 56
M 24.428896191522263 22.4941029530249 4 100
E 4.908960722089594 26.981144623629046 0 39 2
E 33.92921628827288 35.89678955154029 0 19 2
M 2.557653995645869 1.1877930107153631 0 28
E 15.21693406070899 31.094003292215046 0 42 2
E 9.85523221974205 9.591088775569334 0 39 2
E 7.205654786300428 3.4857805133641206 4 20 2
E 21.707399953151736 33.72504823013943 4 35 2
E 21.359749250529894 51.54566471806063 0 42 2
E 0.05682810322605789 45.43757746153292 0 39 2
E 34.87522527383434 37.74174607586886 0 19 2
E 12.643922492049674 58.41620215654471 0 39 2
E -6.555312666499492 44.67952469708473 5 20 2
M 7.360668379516328 38.85049170400079 0 56
M -10.869428616699766 47.55581770727735 0 28
E 6.923932745616966 46.327734830892254 0 30 2
E 26.883533951492232 47.240278841770966 5 35 2
M 18.51799815218346 39.26792132448104 5 100
E 42.142815189820894 56.4516614258456 0 42 2
M 22.572917387654343 82.368024696562 0 28
E 43.734961769960066 67.43505753291569 0 39 2
M 30.089101960661186 52.77381837145614 6 100
E 36.94600898556146 37.84495652432857 0 19 2
M 24.148932418699623 62.22763458274619 0 56
E 41.17613399834049 49.515230611631544 6 35 2
E 26.201595883483982 71.84648868596359 0 39 2
E 30.406047099910545 66.34448029988668 0 30 2
E 22.239032547200054 77.19374418372061 6 20 2
