M 45.08999826875054 44.07709000328912 0 11
M 57.38992899038027 49.25060234623372 0 59
E 67.30269313394446 54.03835758615892 0 45 2
E 62.80649998251944 70.16091030991235 0 28 2
M 65.10451432167507 58.67509323465284 1 100
E 52.664107648136145 61.854760965340894 0 9 2
E 59.51006600419993 41.105323108953556 0 19 2
E 50.05772855331263 56.636314421190434 0 14 2
E 70.50603576917212 66.10138578336638 1 39 2
E 42.10608684974608 38.0302126969886 1 22 2
E 67.27302247913359 17.910251332214838 0 45 2
E 60.9004368058904 34.14380716392061 0 14 2
E 66.72293362882758 34.495839927986 0 9 2
E 52.17637250898149 18.192347150190734 0 19 2
E 40.811259195550896 31.727080018900104 2 22 2
E 79.32158266209709 21.16758933168563 2 39 2
M 47.53996426587698 32.166375580550024 0 11
E 78.98746613604557 29.86534518354724 0 28 2
M 70.18946393522756 22.13229784994779 2 100
M 58.17032274247422 24.101079282302322 0 59
E 46.842708252577765 13.507492742730188 0 14 2
E 50.058825980691424 8.641078962645102 0 9 2
E 35.97032934518914 -0.1281062539440761 0 45 2
M 36.780393752093964 10.850476936068596 0 59
M 38.449965997126455 24.089285577260902 0 11
E 34.70517234580481 29.696867321911498 3 22 2
M 41.084949613552496 -0.5427953847050511 3 100
E 52.18096615352613 -4.295565126365118 0 28 2
E 44.815546892924985 -8.933796451680745 3 39 2
E 28.666306504781566 13.08702404123718 0 19 2
E 1.4939642308278862 5.89861421663362 4 39 2
E 29.893913150253923 33.9697873030114 4 22 2
M 6.895485678324924 13.324906765347157 4 100
E 21.942271446687368 15.36368557880957 0 14 2
M 26.91000173124946 27.922909996710878 0 11
E 4.697306866055544 17.961642413841087 0 45 2
E 12.489933995800072 30.894676891046448 0 19 2
E 9.193500017480561 1.8390896900876412 0 28 2
E 19.33589235186386 10.145239034659102 0 9 2
M 14.610071009619727 22.749397653766277 0 59
E -6.987466136045572 42.13465481645274 0 28 2
E 4.726977520866393 54.089748667785145 0 45 2
E 31.188740804449104 40.27291998109989 5 22 2
E 5.277066371172433 37.50416007201399 0 9 2
E 11.099563194109606 37.85619283607938 0 14 2
E 19.8236274910185 53.807652849809266 0 19 2
E -7.321582662097102 50.83241066831435 5 39 2
M 1.8105360647724325 49.8677021500522 5 100
M 13.829677257525764 47.89892071769768 0 59
M 24.46003573412301 39.833624419449976 0 11
E 27.184453107074994 80.93379645168075 6 39 2
E 19.81903384647384 76.29556512636512 0 28 2
E 43.33369349521842 58.91297595876283 0 19 2
M 33.550034002873545 47.91071442273909 0 11
E 36.029670654810836 72.12810625394408 0 45 2
E 25.15729174742222 58.492507257269814 0 14 2
M 35.21960624790602 61.14952306393142 0 59
M 30.91505038644749 72.54279538470504 6 100
E 37.29482765419519 42.3031326780885 6 22 2
E 21.941174019308555 63.358921037354904 0 9 2
