E 59.37788019334621 64.17950135907734 1 19 2
E 66.50877858315673 56.99648662977025 1 6 2
E 56.95864966776122 59.699343755164634 0 9 2
E 69.44268891694713 43.71116700118023 0 24 2
E 51.034116764155904 53.653134516857605 0 15 2
M 41.143433735001686 37.67645070615447 0 36
M 46.63793869645083 51.33303301850793 0 36
E 54.09375222178653 49.20796226349447 0 25 2
M 64.33904449861981 46.90056875575901 1 100
E 61.68552990584332 70.77243410354158 0 46 2
E 72.09310413961221 29.843912545471788 2 19 2
E 78.95657623800903 31.141895643645558 0 46 2
M 59.60969170749614 16.907951923097112 2 100
M 40.02356576722297 32.383881075883906 0 36
E 59.39941097431993 10.893365327653608 0 24 2
E 58.80512133010056 31.806640217208287 0 15 2
E 56.485306963305696 26.934332057898967 0 25 2
M 54.59776545931887 34.453791354226034 0 36
E 69.43788010317972 20.076866023436786 2 6 2
E 67.00355857887328 29.698948836282824 0 9 2
M 34.8801320322213 30.70743036972943 0 36
E 25.956722057372794 3.1821983264733675 0 24 2
E 48.71522394626599 1.6644111863944482 3 19 2
M 31.270647208876333 6.007383167338103 3 100
E 38.391554741519165 13.7263697944045 0 25 2
E 46.04490891111207 5.999605081118178 0 9 2
E 38.929101520022996 -0.9196206063334657 3 6 2
M 43.959826762868055 19.1207583357181 0 36
E 43.77100456594467 14.153505700350687 0 15 2
E 53.271046332165724 -3.630538459896023 0 46 2
M 25.362061303549176 20.666966981492063 0 36
E 17.906247778213462 22.79203773650553 0 25 2
E 15.041350332238778 12.300656244835357 0 9 2
M 30.856566264998314 34.32354929384553 0 36
E 12.622119806653785 7.820498640922656 4 19 2
E 20.965883235844096 18.346865483142395 0 15 2
E 5.491221416843271 15.003513370229745 4 6 2
E 2.5573110830528663 28.288832998819764 0 24 2
E 10.314470094156679 1.2275658964584195 0 46 2
M 7.6609555013801955 25.099431244240993 4 100
E 2.5621198968202776 51.9231339765632 5 6 2
E -0.09310413961220262 42.1560874545282 5 19 2
E 15.514693036694302 45.06566794210103 0 25 2
E 12.600589025680065 61.10663467234639 0 24 2
M 12.390308292503857 55.092048076902884 5 100
M 31.976434232777024 39.616118924116094 0 36
E 13.194878669899428 40.193359782791696 0 15 2
E -6.956576238009046 40.85810435635443 0 46 2
M 17.402234540681118 37.54620864577396 0 36
E 4.996441421126711 42.30105116371717 0 9 2
M 28.04017323713193 52.87924166428189 0 36
E 33.07089847997698 72.91962060633347 6 6 2
E 18.72895366783425 75.63053845989602 0 46 2
E 28.228995434055314 57.84649429964931 0 15 2
E 23.284776053733985 70.33558881360554 6 19 2
M 37.1198679677787 41.29256963027057 0 36
E 25.95509108888791 66.00039491888181 0 9 2
E 33.60844525848082 58.27363020559551 0 25 2
E 46.04327794262719 68.81780167352663 0 24 2
M 40.729352791123645 65.99261683266191 6 100
