E 61.9194138184813 55.807749846532 0 41 2
M 59.26397495567873 58.88920796601034 0 49
E 45.314556087879474 50.52595038433114 0 20 2
E 64.7035699634176 48.40322347918111 0 52 2
E 70.16323502568316 65.8142907267146 0 46 2
M 48.71515357891208 41.131958172426245 1 100
E 51.15311293804336 52.57686056765557 0 2 2
E 54.3199628056243 37.144374659602484 1 28 2
E 67.96476893223848 44.651746493028 1 5 2
M 57.10268038074273 63.18637884519792 0 3
M 67.45462304890945 27.297410678382448 0 49
M 70.0954349072206 31.3177321249323 0 3
E 57.93253883560394 31.16544953306759 0 2 2
E 78.90155067799122 21.320915955657373 0 46 2
M 46.80198293793633 27.55433307385464 2 100
E 59.47501671618441 12.643571325095895 2 5 2
E 46.15103892947507 20.706634143744562 2 28 2
E 53.23712009088283 35.19633299508695 0 20 2
E 61.09329160349525 17.34359097196693 0 52 2
E 66.11372146814467 23.457004105259767 0 41 2
E 42.77942589756058 14.588588965412015 0 2 2
E 44.73831565230809 -8.493374771057228 0 46 2
M 44.19064809323074 4.408202712372103 0 49
E 40.19430764966337 3.6492542587277725 0 41 2
M 48.992754526477896 4.1313532797343715 0 3
E 27.51024778394595 3.991824832067889 3 5 2
E 32.389721640077646 4.940367492785819 0 52 2
E 43.92256400300336 20.67038261075581 0 20 2
E 27.831076123850778 19.562259484142075 3 28 2
M 34.08682935902425 22.422374901428395 3 100
E 17.680037194375704 34.855625340397516 4 28 2
E 4.03523106776152 27.348253506971997 4 5 2
E 7.296430036582384 23.596776520818892 0 52 2
E 20.846887061956643 19.423139432344428 0 2 2
M 12.73602504432128 13.110792033989657 0 49
M 23.28484642108792 30.868041827573755 4 100
E 26.685443912120526 21.47404961566886 0 20 2
E 1.8367649743168442 6.1857092732854015 0 46 2
E 10.080586181518694 16.192250153468006 0 41 2
M 14.897319619257274 8.813621154802076 0 3
E 18.762879909117164 36.80366700491304 0 20 2
M 4.545376951090537 44.702589321617545 0 49
E 12.52498328381557 59.35642867490409 5 5 2
E -6.90155067799124 50.679084044342616 0 46 2
M 1.904565092779383 40.682267875067694 0 3
E 14.067461164396061 40.834550466932406 0 2 2
M 25.19801706206367 44.44566692614536 5 100
E 25.848961070524922 51.293365856255434 5 28 2
E 10.906708396504733 54.65640902803307 0 52 2
E 5.8862785318553135 48.54299589474022 0 41 2
E 44.16892387614921 52.437740515857925 6 28 2
E 28.077435996996627 51.329617389244184 0 20 2
M 37.913170640975736 49.57762509857161 6 100
M 27.809351906769233 67.5917972876279 0 49
E 29.220574102439407 57.41141103458798 0 2 2
E 31.805692350336606 68.35074574127222 0 41 2
E 39.61027835992233 67.05963250721419 0 52 2
E 44.489752216054036 68.00817516793212 6 5 2
E 27.26168434769189 80.49337477105722 0 46 2
M 23.007245473522083 67.86864672026562 0 3
