M 31.35870129428367 31.080312529791865 0 29
E 57.95602178574721 44.557885266540566 1 40 2
E 39.97635250572124 47.5615105868731 0 14 2
E 46.599657024797786 58.96213997418255 0 59 2
E 55.57669049995955 49.433921670306646 0 19 2
M 51.71979507865224 52.12558340533302 1 100
E 44.203986448622175 36.36572039258099 0 18 2
M 48.747381814292865 38.988623767918924 0 54
E 36.802511184817185 33.06460156448086 0 34 2
E 41.76211416349247 41.58212941634029 1 30 2
E 52.48425747313278 7.91087726049753 2 40 2
E 44.649952820281655 22.392639500102106 2 30 2
E 40.4434330607728 18.458321913416512 0 18 2
E 56.3863898660705 11.680533898225447 0 19 2
M 57.75446606811877 16.180428640560613 2 100
E 35.016700848282014 24.47744137492159 0 34 2
M 44.34194878765712 14.947817862373034 0 54
E 49.784851545774934 25.938730158815673 0 14 2
E 62.67420806975665 23.162581463789856 0 59 2
M 31.447300061306738 29.041633211314736 0 29
E 22.250410142169763 16.501130262700563 0 18 2
E 20.730995277677813 -0.7559743769548604 0 19 2
E 15.940013544452665 1.790286098778708 3 40 2
M 29.535779335523706 28.32738422111156 0 29
E 27.292054613023975 13.716263230049424 3 30 2
E 26.29798045081153 23.522269500356792 0 34 2
E 33.59411411779793 -3.1878970248689757 0 59 2
E 32.25135821193857 9.928486613790103 0 14 2
M 20.116430001389585 11.708616066173565 0 54
M 25.433408291050828 -0.6665482154211482 3 100
M 9.549669023012898 33.74748516524847 0 54
E 22.69532524330295 31.51910100633707 0 34 2
E -0.45292338551169387 16.326170159709598 0 59 2
E 14.767057008216648 33.19891777922508 0 18 2
E -1.173806984024191 34.65456073563732 4 40 2
M -0.5767749569928284 24.866602244671682 4 100
E 11.606564350054287 21.656392362858114 0 14 2
E -2.1149498263488944 29.311228579695573 0 19 2
M 28.265795789766845 29.92463338721283 0 29
E 13.676444890888675 27.543457712212007 4 30 2
E 16.380873386510967 44.91488027766301 0 14 2
E 24.793514180691528 61.086390638545865 5 40 2
E 29.18748227278632 37.416586553903684 0 34 2
E 19.420874182641032 60.3302902287272 0 19 2
E 22.619433512313226 44.76551014129617 5 30 2
E 28.335113340218612 45.475909652076865 0 18 2
M 15.669105519171001 57.49393392485583 5 100
M 27.244570373647537 50.60745713828601 0 54
E 7.584944173159319 54.737005427186965 0 59 2
M 29.392423519119035 31.626036650569016 0 29
