E 23.42976567915898 22.33618134324607 0 29 2
M 7.215323522200974 21.651694391433473 0 14
E 8.136991570965801 20.821031327001627 0 9 2
E 22.107324914816285 19.189646018860138 0 20 2
E 14.275398517490235 12.348308499565457 0 3 2
M 4.771524867183276 17.298611485854792 1 100
E 0.7392466873013696 14.267761955617146 0 45 2
E 1.7148303073609668 19.89829144065373 1 4 2
E 17.38335847969452 23.142923710865098 1 59 2
M 6.37168585026836 13.37426101982524 0 18
E 1.8926750851837155 4.810353981139864 0 20 2
E 0.5702343208410212 1.6638186567539315 0 29 2
E 6.61664152030548 0.8570762891349055 2 59 2
E 23.26075331269863 9.732238044382854 0 45 2
E 22.285169692639034 4.101708559346271 2 4 2
M 17.62831414973164 10.62573898017476 0 18
M 16.784676477799028 2.3483056085665304 0 14
E 9.724601482509765 11.651691500434543 0 3 2
M 19.228475132816726 6.70138851414521 2 100
E 15.863008429034199 3.178968672998372 0 9 2
