E 63.778410331420524 56.96142865764866 1 33 2
E 69.62112920859241 70.03499462638305 1 1 2
E 37.721526149932174 36.237391132332235 0 30 2
E 55.00767342119728 66.32800323641197 0 22 2
E 43.49010206760793 43.44098646227333 0 19 2
M 67.11906967646618 63.24607566535633 0 4
M 60.79033407805315 45.72143675196762 0 46
E 51.137033178068684 39.50058291786905 0 40 2
M 46.72301230359521 49.30442590474068 1 100
E 57.330223981934054 54.665280117353156 0 54 2
E 68.04233488284915 22.423905305066047 2 33 2
E 62.82971874134745 26.860124221909622 0 54 2
M 52.883476968070795 33.365811892363794 2 100
M 75.15532851786467 22.67313295072045 0 4
E 71.7686579593881 34.70287356861087 0 22 2
E 46.18913433934877 33.23387456364985 0 19 2
E 46.6001103239628 24.64123618879915 0 40 2
M 56.81417822751422 19.391659296086704 0 46
E 82.28573456841079 23.90074531463151 2 1 2
E 37.06634982619895 34.62781018704564 0 30 2
M 44.03625884139849 -4.57294271463587 0 4
E 52.760984538190804 4.374870332198898 0 22 2
E 40.26392455142863 1.4624766474173867 3 33 2
M 42.16046466447558 20.061385987623115 3 100
E 31.46307714589412 21.14065327093009 0 40 2
E 35.344823676266785 34.390419054713405 0 30 2
E 48.664605359818395 -10.13424931175155 3 1 2
M 32.02384414946107 9.670222544119081 0 46
E 38.69903227174084 25.79288810137652 0 19 2
E 41.499494759413395 8.19484410455647 0 54 2
M 11.209665921946849 26.278563248032377 0 46
E 20.862966821931316 32.49941708213095 0 40 2
E 34.278473850067826 35.762608867667765 0 30 2
M 4.880930323533809 8.753924334643676 0 4
E 8.221589668579472 15.038571342351341 4 33 2
E 28.50989793239207 28.559013537726667 0 19 2
E 2.37887079140759 1.9650053736169404 4 1 2
E 16.992326578802714 5.6719967635880275 0 22 2
E 14.669776018065942 17.334719882646848 0 54 2
M 25.276987696404785 22.69557409525932 4 100
E -10.285734568410808 48.09925468536848 5 1 2
E 3.9576651171508415 49.57609469493394 5 33 2
E 25.399889676037194 47.358763811200845 0 40 2
E 0.2313420406119114 37.29712643138912 0 22 2
M 19.116523031929198 38.634188107636206 5 100
M -3.155328517864679 49.32686704927953 0 4
E 25.810865660651235 38.766125436350144 0 19 2
E 9.170281258652548 45.13987577809037 0 54 2
M 15.185821772485776 52.60834070391329 0 46
E 34.93365017380105 37.37218981295436 0 30 2
M 39.976155850538916 62.32977745588092 0 46
E 23.33539464018158 82.13424931175155 6 1 2
E 30.500505240586584 63.80515589544352 0 54 2
E 33.30096772825915 46.20711189862348 0 19 2
E 31.73607544857136 70.53752335258261 6 33 2
M 27.963741158601486 76.57294271463586 0 4
E 36.655176323733215 37.609580945286595 0 30 2
E 40.536922854105875 50.85934672906991 0 40 2
E 19.239015461809174 67.6251296678011 0 22 2
M 29.839535335524403 51.93861401237689 6 100
