E 69.56153568291393 59.656723449290254 0 49 2
E 50.76693947090037 44.48761424519784 0 58 2
M 58.11242971386865 69.84949661393892 1 100
E 41.04426152226121 37.25575215430752 1 25 2
E 62.767452762438 63.733946666257474 0 60 2
E 48.70090986787365 51.38382440089023 0 46 2
E 55.5390103446425 55.72593022757421 0 55 2
E 53.23679291236823 47.602757057273884 1 38 2
M 65.49793117787303 40.56444401884485 0 14
M 60.49230516656858 66.73591919789733 0 56
E 73.40202874140071 26.68567924625749 0 60 2
E 50.7339592893142 27.455262404652068 0 58 2
M 74.86423941732922 30.157001127459417 0 56
E 54.66667882172247 26.873877986754497 2 38 2
M 54.70189006340809 12.736264250299362 0 14
E 73.26809131884536 18.763219233223747 0 49 2
M 76.37073882992078 33.77482243536135 2 100
E 55.67323767246669 32.69260160369008 0 46 2
E 62.85266186267988 28.941685790519774 0 55 2
E 39.609644027617954 32.25941745554319 2 25 2
M 50.37193425076063 -0.5789180704379063 0 56
E 37.42988590935425 15.271120929480611 3 38 2
E 46.63457597896273 -1.0482674199999849 0 60 2
E 34.56538250535675 31.003665301235667 3 25 2
M 54.25830911605213 -0.07467417857757752 3 100
E 35.96701981841383 18.967648159454228 0 58 2
E 39.70655563593144 -4.893504216066506 0 49 2
E 43.31365151803739 9.215755562945557 0 55 2
E 42.97232780459304 17.308777202799845 0 46 2
M 25.203958885535073 8.17182023145451 0 14
E 16.460989655357505 16.274069772425783 0 55 2
M 11.507694833431419 5.26408080210267 0 56
M 13.887570286131346 2.150503386061069 4 100
E 21.23306052909964 27.51238575480216 0 58 2
E 9.232547237562002 8.266053333742523 0 60 2
M 6.502068822126979 31.435555981155147 0 14
E 23.299090132126352 20.616175599109766 0 46 2
E 2.43846431708607 12.343276550709742 0 49 2
E 18.763207087631766 24.397242942726116 4 38 2
E 30.955738477738795 34.74424784569248 4 25 2
E 16.32676232753331 39.30739839630992 0 46 2
E -1.2680913188453686 53.236780766776235 0 49 2
E -1.4020287414007235 45.31432075374249 0 60 2
E 21.266040710685797 44.54473759534793 0 58 2
E 17.33332117827752 45.1261220132455 5 38 2
M -2.8642394173292134 41.84299887254057 0 56
M 17.2981099365919 59.26373574970063 0 14
E 9.147338137320123 43.058314209480216 0 55 2
E 32.39035597238204 39.74058254445681 5 25 2
M -4.370738829920787 38.225177564638635 5 100
E 29.027672195406943 54.69122279720015 0 46 2
M 46.796041114464906 63.828179768545496 0 14
E 36.032980181586154 53.032351840545765 0 58 2
M 17.74169088394785 72.07467417857757 6 100
E 25.365424021037256 73.04826741999997 0 60 2
M 21.62806574923935 72.57891807043791 0 56
E 37.43461749464325 40.99633469876433 6 25 2
E 32.293444364068534 76.8935042160665 0 49 2
E 28.686348481962604 62.784244437054454 0 55 2
E 34.57011409064574 56.7288790705194 6 38 2
