E 41.686253821511805 36.1290924824501 0 7 2
E 55.95147303008 50.11736043340593 0 55 2
M 61.814914656150904 38.518738142311605 1 100
E 52.88757709123339 62.60442466438875 1 8 2
E 66.71164380062383 65.24613996126479 0 3 2
E 47.589122194754495 43.124683536608174 0 35 2
E 58.77576606996867 59.78124434013032 0 11 2
E 64.27363816938308 47.902363905849526 1 16 2
M 49.998325881647496 53.42015235051266 0 23
M 68.79525444154885 70.06469195128275 0 49
E 76.68372206940246 24.02600625731329 0 3 2
E 58.20172928475082 25.7801977297336 0 55 2
M 81.89851582267659 24.630822505685632 0 49
E 60.44456859224421 17.465493040829674 2 16 2
M 58.08545741416292 32.5871703512964 0 23
E 38.95492427999528 31.140105979429485 0 7 2
M 51.08874854479813 14.902997182401894 2 100
E 47.96471803400469 29.52586754008463 0 35 2
E 67.98304476714209 28.166230162820643 0 11 2
E 67.48389615804665 34.677141562818136 2 8 2
M 49.103261381127744 -9.433869445597113 0 49
E 32.17093042286114 5.563129134980139 3 16 2
E 45.972078268778645 -5.220133703951499 0 3 2
E 50.596319066813244 8.072716898429396 3 8 2
M 25.27383388864723 12.384259040090281 3 100
E 38.25025625467083 11.66283729632767 0 55 2
E 33.26867045848348 31.01101349697938 0 7 2
E 45.207278697173436 4.384985822690316 0 11 2
E 36.375595839250195 22.401184003476452 0 35 2
M 44.08713153251542 15.167018000783738 0 23
E 13.22423393003134 12.218755659869672 0 11 2
M 3.204745558451151 1.9353080487172534 0 49
M 10.185085343849092 33.481261857688395 4 100
E 16.048526969920005 21.882639566594072 0 55 2
E 5.288356199376166 6.753860038735209 0 3 2
M 22.001674118352504 18.579847649487334 0 23
E 24.41087780524551 28.87531646339183 0 35 2
E 30.313746178488195 35.8709075175499 0 7 2
E 7.7263618306169235 24.097636094150467 4 16 2
E 19.112422908766607 9.395575335611255 4 8 2
E 24.035281965995313 42.47413245991537 0 35 2
E 33.04507572000472 40.859894020570515 0 7 2
E -4.683722069402472 47.973993742686694 0 3 2
E 13.798270715249169 46.21980227026639 0 55 2
E 11.55543140775578 54.53450695917032 5 16 2
M -9.898515822676597 47.36917749431435 0 49
M 13.914542585837077 39.412829648703585 0 23
E 4.016955232857896 43.83376983717935 0 11 2
E 4.516103841953355 37.32285843718186 5 8 2
M 20.911251455201857 57.0970028175981 5 100
E 35.6244041607498 49.59881599652355 0 35 2
M 27.91286846748456 56.83298199921626 0 23
E 33.749743745329155 60.337162703672334 0 55 2
M 46.726166111352754 59.61574095990973 6 100
E 26.027921731221333 77.2201337039515 0 3 2
M 22.896738618872227 81.43386944559711 0 49
E 21.403680933186738 63.92728310157061 6 8 2
E 38.731329541516516 40.98898650302062 0 7 2
E 26.792721302826543 67.61501417730969 0 11 2
E 39.82906957713884 66.43687086501987 6 16 2
