E 53.16137435561065 36.51008631212956 0 59 2
M 56.00970626235759 62.55378357223428 0 5
E 63.31044191687755 53.14648538355027 0 22 2
E 61.24526942359334 46.66788004224292 0 3 2
E 67.55314461379159 59.846538849795834 0 31 2
M 48.97608420704613 57.486367833288604 1 100
E 70.15101773832102 38.83423948239865 0 39 2
E 65.36245916142374 49.51612501197923 1 20 2
E 40.79687592216807 44.12058583820317 1 11 2
M 58.978803942939194 67.29867084454926 0 33
E 57.86128983290405 19.47089537490709 0 3 2
E 45.02243488223225 21.392857000251162 0 59 2
E 45.43107159058013 35.90607651170213 2 11 2
E 55.530032261326596 7.8414708147203545 0 39 2
E 62.38653720181213 17.32942695461352 2 20 2
M 74.5948460275366 31.749107459107268 0 33
M 69.00110427132759 31.947977840650907 0 5
E 72.42828074315153 20.597444620070277 0 31 2
M 61.0957824822078 35.50556535169631 2 100
E 64.50451288621187 20.921706203179806 0 22 2
E 40.63419566841206 27.78549067349896 3 11 2
E 21.37901452300559 5.007231332321695 0 39 2
E 32.61602040931071 8.80301533266417 0 3 2
E 37.19407096933434 3.7752208196295243 0 22 2
M 48.991398008969995 5.394194268416629 0 5
E 27.8610605266216 20.8827706881216 0 59 2
M 48.11969827516168 14.019197518407704 3 100
E 40.87513612935995 -3.2490942297255514 0 31 2
M 51.61604208459742 0.45043661455801215 0 33
E 33.024078040388396 3.813301942634292 3 20 2
M 13.021196057060811 4.701329155450745 0 33
M 23.023915792953876 14.513632166711393 4 100
E 31.203124077831927 27.87941416179683 4 11 2
M 15.990293737642412 9.446216427765718 0 5
E 18.838625644389356 35.48991368787044 0 59 2
E 10.754730576406654 25.332119957757083 0 3 2
E 6.637540838576245 22.483874988020776 4 20 2
E 4.446855386208417 12.153461150204167 0 31 2
E 1.8489822616789908 33.16576051760135 0 39 2
E 8.689558083122453 18.853514616449722 0 22 2
E -0.4282807431515387 51.40255537992971 0 31 2
E 14.13871016709594 52.5291046250929 0 3 2
E 26.97756511776775 50.60714299974884 0 59 2
E 16.46996773867339 64.15852918527965 0 39 2
E 26.56892840941987 36.09392348829787 5 11 2
E 9.613462798187852 54.67057304538647 5 20 2
M -2.594846027536606 40.25089254089272 0 33
M 10.904217517792194 36.49443464830368 5 100
E 7.49548711378811 51.078293796820184 0 22 2
M 2.9988957286724136 40.05202215934908 0 5
M 20.383957915402558 71.54956338544199 0 33
E 31.124863870640024 75.24909422972556 0 31 2
E 38.9759219596116 68.18669805736572 6 20 2
E 44.138939473378386 51.117229311878404 0 59 2
M 23.00860199102998 66.60580573158337 0 5
E 39.38397959068928 63.19698466733583 0 3 2
E 31.365804331587935 44.21450932650104 6 11 2
E 34.80592903066564 68.22477918037048 0 22 2
M 23.8803017248383 57.980802481592285 6 100
E 50.62098547699439 66.99276866767832 0 39 2
