M 31.84832424868141 28.571607671155487 0 20
M 41.281010203655896 45.51087085009353 0 22
E 43.32871996111413 30.910647223551184 0 54 2
E 36.0874471541998 46.9630301328746 0 16 2
M 30.497478460121954 32.555258779957896 1 100
E 44.79567639848007 27.12610804982385 0 41 2
E 38.08031172069316 37.287798906858534 0 28 2
E 46.86046023370983 43.160407083207424 0 56 2
E 33.67521648673375 25.38375630114109 1 8 2
E 29.082511999871656 35.64108912759714 1 14 2
E 36.5453190212739 7.75280236354556 0 54 2
E 49.28690072280125 8.17930173707725 0 56 2
E 33.39932284808005 5.188156964108093 0 41 2
E 40.988503345378376 14.714983466623881 0 28 2
E 36.641916253648866 22.7635382168347 2 14 2
E 28.305836765822118 15.225926526851577 2 8 2
M 30.773122835804884 17.948504543296206 0 20
E 49.574366031009184 19.60012117202723 0 16 2
M 34.14436587603313 20.464251125296084 2 100
M 49.79817972606146 14.21200729413359 0 22
E 16.767703883125634 -4.9381363354501016 0 56 2
E 9.013424592866867 9.247533562966945 0 41 2
E 12.424713593743707 7.048032415183013 0 54 2
M 22.66314171492854 -3.5601830239550254 0 22
M 20.33769587382409 15.688362453835996 0 20
E 26.730621927813083 11.594735464616404 3 14 2
M 23.77208444558112 13.259528239790887 3 100
E 27.718380293694633 -1.6823047949428171 0 16 2
E 16.98593698455324 17.193568072664345 3 8 2
E 20.419160764741967 4.973745289410296 0 28 2
E 15.359233891398208 28.56746719994253 4 8 2
E 13.045700908165383 17.569586660864566 4 14 2
M 13.714774564771227 20.897772271686275 4 100
E -5.756705539733491 21.935946436536256 0 56 2
M 14.963448737079414 24.914620951004668 0 20
E 4.300760550145084 29.770305492851076 0 54 2
E 4.798416298982983 21.526144443618893 0 28 2
E 0.7237193735919135 12.527341555263707 0 16 2
E 5.338464175348382 33.69431735991342 0 41 2
M -2.6244035843775237 16.75486286089435 0 22
E 5.896087147504478 42.59181193477728 0 16 2
E 23.400486873723175 44.51821250486917 0 54 2
E 14.499248910501018 32.43105053008719 5 14 2
E 27.45311198522463 44.7438840631877 0 41 2
E 12.84164070009678 51.66248107862916 0 56 2
E 15.713607870203512 41.49732789348839 0 28 2
E 25.673775871492683 33.62928189940045 5 8 2
M 17.871296653492564 32.82318958326885 5 100
M 8.88207193973162 47.08244201883356 0 22
M 22.077408304610202 32.87690438070764 0 20
