E 58.1545160639097 60.547123876556874 0 8 2
M 53.16808003251506 54.761382641759425 0 4
E 68.03130019009195 43.95040916274114 0 58 2
E 43.61124360937849 39.40429362208173 0 14 2
E 55.93206954624583 41.826454807691064 0 19 2
M 70.09058380634401 69.62013679799183 1 100
E 46.8634517241861 49.99231714265274 0 38 2
E 65.00675635940584 37.28744551087114 1 53 2
E 49.28449999590926 57.830903718570504 1 41 2
M 60.87793897710426 46.481646828761264 0 5
E 42.753826563353364 31.11061649092713 0 14 2
E 68.33569089889664 29.087188218382202 0 8 2
E 61.54836720580887 35.410737386253565 2 41 2
E 53.5494279654388 33.588133405395354 0 38 2
E 51.61833869810556 11.523134866804293 2 53 2
M 57.51634191575598 19.695896266409303 0 5
M 60.831873994141596 30.512697878517304 0 4
E 51.01189265058535 21.651548826798482 0 19 2
M 82.16118444894096 23.28675679285961 2 100
E 58.90090640046037 12.235284900505626 0 58 2
E 48.2638672098996 13.579833667683056 3 41 2
E 42.68597624125271 19.595816262742613 0 38 2
E 35.14258295397487 27.706322868845405 0 14 2
E 26.86960621036843 4.284875737764479 0 58 2
M 43.663793961626546 11.751315236757872 0 4
E 46.18117483498695 4.5400643418253335 0 8 2
M 48.07060064259695 -10.333380005132225 3 100
E 31.07982310433953 15.825094019107414 0 19 2
M 32.63840293865174 9.21424943764804 0 5
E 22.61158233869972 10.235689355933157 3 53 2
M 11.122061022895753 25.518353171238736 0 5
M 1.9094161936559941 2.379863202008161 4 100
E 22.715500004090735 14.169096281429486 4 41 2
M 18.831919967484936 17.238617358240568 0 4
E 13.845483936090293 11.452876123443135 0 8 2
E 28.388756390621506 32.59570637791827 0 14 2
E 6.9932436405941605 34.71255448912886 4 53 2
E 16.067930453754173 30.17354519230894 0 19 2
E 25.136548275813904 22.007682857347262 0 38 2
E 3.9686998099080513 28.049590837258858 0 58 2
E 20.988107349414644 50.34845117320152 0 19 2
E 29.246173436646636 40.88938350907287 0 14 2
E 3.664309101103347 42.91281178161779 0 8 2
E 18.45057203456119 38.41186659460464 0 38 2
E 10.451632794191136 36.58926261374642 5 41 2
E 20.381661301894432 60.4768651331957 5 53 2
M 14.483658084244013 52.30410373359069 0 5
M -10.161184448940965 48.71324320714037 5 100
E 13.099093599539614 59.76471509949437 0 58 2
M 11.168126005858394 41.48730212148269 0 4
M 39.36159706134825 62.785750562351964 0 5
E 40.92017689566046 56.17490598089258 0 19 2
E 49.38841766130027 61.76431064406686 6 53 2
E 25.81882516501304 67.45993565817466 0 8 2
M 28.336206038373444 60.24868476324214 0 4
E 36.85741704602512 44.293677131154595 0 14 2
E 23.73613279010038 58.420166332316946 6 41 2
E 45.13039378963155 67.71512426223553 0 58 2
M 23.92939935740302 82.33338000513223 6 100
E 29.314023758747272 52.404183737257384 0 38 2
