E 28.965366925542753 38.137007002290694 0 19 2
M 31.61153767825108 42.66248874277667 0 2
E 36.113486007635494 30.750221949089042 0 38 2
E 42.95707609520282 41.205162593436555 0 49 2
E 34.230252554515175 34.330066779356265 0 28 2
M 37.52007222034288 24.297871648205632 1 100
E 44.927405663823144 35.75522328029713 0 28 2
E 27.001324330399967 32.486071495645845 1 25 2
E 41.51377164009 29.18223856914966 1 57 2
M 46.94762145962544 27.266800374367143 0 45
E 46.221140675482204 11.287436882110311 0 49 2
E 38.979475393738774 23.64623084297159 0 19 2
E 34.34065483257565 8.944813143559704 2 57 2
E 41.64680569953096 7.729418240552727 0 28 2
E 32.99819381740514 23.767911245693313 2 25 2
M 34.19811679498481 3.185011910258612 0 45
M 44.10117602500751 22.528023670922362 0 2
E 36.98579922036377 17.46261783253237 0 28 2
M 28.461224853308124 11.233694615499832 2 100
E 34.163115608602205 14.565323495459392 0 38 2
E 12.877104512372616 9.513144246589558 3 57 2
E 13.978920051352356 2.18900417563038 0 28 2
E 18.77634411103798 -1.0619586844207263 0 49 2
E 18.167664870075246 11.418827298244814 0 38 2
M 28.811672319048068 4.427779855218054 0 2
E 28.292458001430525 9.644351634494347 0 19 2
M 13.237116370457304 15.812117713412468 3 100
E 21.795412734751526 9.629608843701286 0 28 2
M 7.3551613409163235 7.868829510748429 0 45
E 26.559865286115574 15.370489765786004 3 25 2
M 3.514807176443246 34.845376449064645 0 45
M 12.886947246674657 31.70591583550587 4 100
E 6.785017702757784 30.101817610715678 4 57 2
M 6.872601010891225 13.37567904430701 0 2
E 11.673409546426736 15.481490536604046 0 19 2
E -1.449537560394282 21.223420826272083 0 49 2
E 16.583889936035263 18.89875812329737 4 25 2
E 9.651690918547493 21.65599200124412 0 28 2
E 0.15982628822474396 26.790645011504818 0 28 2
E 10.232303047324262 25.659084156523555 0 38 2
E 17.33684457182204 36.921714543165955 0 28 2
E 13.494976678671273 47.34593838260177 0 49 2
E 12.089290132861214 33.090919983639324 0 19 2
E 19.287042297068798 47.535709292014936 0 28 2
E 24.483451312203947 42.25798642998541 5 57 2
E 16.856726630044058 29.47676936957747 5 25 2
M 27.984293228030175 46.83398175556116 0 45
M 27.89463930921703 36.950400187376204 5 100
E 21.323430466362797 37.6065431006832 0 38 2
M 8.603012966802117 37.006028686775906 0 2
