M 52.29550693947211 51.67924506013435 0 39
E 49.62779193436802 44.47102388617061 1 2 2
E 40.41820277271372 57.818531493186285 0 7 2
E 35.712123750843396 34.03832417417532 0 28 2
E 32.445034266066514 37.36239589595957 0 55 2
M 43.43996783158728 53.63801108862016 1 100
E 47.35323684149156 31.24335326706669 0 7 2
M 37.42041680473567 48.04779490088556 0 5
E 54.170050293952364 42.16250308209117 0 37 2
E 57.31901367620799 39.21341710046207 1 3 2
E 49.82808283418062 15.80465288716635 2 2 2
E 47.20451986624953 6.865176484793504 2 3 2
E 36.54494431813497 13.880308312621546 0 7 2
E 37.75761173244068 29.94973967986038 0 55 2
M 56.634262941902385 24.522378154578753 2 100
E 49.03618410641117 10.771336315258868 0 37 2
M 49.45750784325444 28.51983957959724 0 5
E 59.67639735796952 28.68809935487563 0 7 2
E 35.605817833745064 25.815358283491424 0 28 2
M 57.50787782530174 15.494967989911876 0 39
E 16.691761201591362 18.79412938196428 0 7 2
E 32.34943345610678 22.606541517908695 0 55 2
E 22.62663718890395 6.755769115995506 3 2 2
M 24.705296514943914 -0.6438478502740175 0 39
E 13.313964361257012 6.488475643409997 3 3 2
E 17.594958499910295 5.953529202498016 0 37 2
E 27.752462205151357 23.375425014281678 0 28 2
E 37.922819458159026 1.3706693182639285 0 7 2
M 34.604984378763234 11.03741565050319 0 5
M 33.02091193181017 2.976632433390588 3 100
M 13.388529020483563 19.760638777876917 0 5
E 3.2970786146804087 34.36712742240311 0 37 2
E 23.00512741803849 30.0904292143123 0 28 2
E 15.230111774048428 39.194082771898586 0 7 2
E 5.614928337177554 29.829622384168857 4 2 2
M 5.232763308976404 18.776262198775086 4 100
E 5.220174353901786 13.618001208651279 0 7 2
E 23.694417997739453 25.480851683795986 0 55 2
M -0.7801845394189293 25.56609249253838 0 39
E 2.4829429715152465 38.60390233551287 4 3 2
E 6.762406057255954 48.50469862502287 0 7 2
E 22.302559705369863 53.138931726498676 5 2 2
E 25.901728485045773 56.74550397774883 0 37 2
E 23.753502547646583 34.60047122247536 0 55 2
E 29.679559124770226 58.829028435821556 5 3 2
E 34.17994586473368 46.8881262664489 0 7 2
M 11.672093985723773 50.0867161246354 5 100
M 15.128561952763102 42.634311091137086 0 5
E 27.924468792221695 36.68046331373928 0 28 2
M 16.271503259701163 57.903542307689406 0 39
