E 47.048522070426415 35.308881748786575 0 51 2
M 30.35324705336892 28.536283510379143 0 46
E 28.073122897922655 29.98596584842478 0 32 2
E 44.95676027348188 43.44354017048935 0 40 2
E 25.89391292353456 25.45931956280608 0 22 2
M 42.83838264997066 40.337642653725005 1 100
E 37.65510430102586 31.361080040503673 0 44 2
E 35.49060246895618 37.19425577465203 1 6 2
E 39.93234220299725 45.753430557275024 1 24 2
M 33.42711682853453 33.73790251482861 0 34
E 48.96790065053814 10.077320924962823 0 40 2
E 41.87777069418261 5.5741895417000205 0 51 2
E 49.612106384193865 15.569621856148455 2 24 2
E 35.22046242847064 13.287922903289246 0 44 2
E 40.099274370661966 17.149036908239303 2 6 2
M 36.174434949749944 18.043456476995118 0 34
M 30.277523301261898 19.35949168627051 0 46
E 25.97314665880224 22.649736317907745 0 22 2
M 45.35940189210591 11.13224265230988 2 100
E 30.95165602210047 21.97599510117097 0 32 2
E 23.89681006591274 -2.9636907881895254 3 24 2
E 17.27952284926019 10.01849222361978 0 44 2
E 18.474250956281306 -4.048229053319273 0 40 2
E 24.22323680183333 16.763130330702584 0 32 2
M 21.52647571198038 16.595724626659564 0 46
E 12.000547861655246 1.3033411177207626 0 51 2
M 18.362453698719605 -0.2903540535836953 3 100
E 23.32555877639351 21.706171587886324 0 22 2
M 22.09709776423556 10.580751132486325 0 34
E 22.459296286322978 6.571616178968796 3 6 2
M 10.649506791279462 21.6629916193879 0 34
M -0.843597119448441 21.85549294380661 4 100
E -1.6758812707566477 15.765900774607971 4 24 2
M 16.193754616743593 24.06441447094129 0 46
E -1.2938399620572767 28.39850383798921 0 51 2
E -4.383001372858533 20.587920195843576 0 40 2
E 6.948518367692453 20.079629521384646 4 6 2
E 21.61002574159489 23.9325997590458 0 22 2
E 8.626054271755104 26.071030076936815 0 44 2
E 17.18631190897235 21.551373471050013 0 32 2
E 23.197355899674807 26.25217277235405 0 22 2
E 11.984089492557192 49.93944776202352 0 40 2
E 20.366999335793007 49.41508375380342 0 51 2
E 21.21885614948821 39.26147475565048 0 44 2
E 8.234622617652807 45.87473760015807 5 24 2
E 15.002308506366415 39.00546161675522 5 6 2
M 17.651843666200506 35.97489825630205 0 34
M 14.28335887865228 46.9649758037422 5 100
E 19.565672369171192 29.72353524865165 0 32 2
M 21.64899931664521 31.444085705749494 0 46
