E 39.10867516917764 45.93105446375344 0 2 2
M 40.90783529586024 27.933345352814467 0 25
E 24.734845970921985 24.02879667279341 0 48 2
E 45.3008646326213 41.92213650014946 0 7 2
E 37.2655838543753 36.05734600025868 0 53 2
M 35.25147048118411 26.29188558887028 1 100
E 33.59260537021778 44.39309025785427 0 6 2
E 43.56357187541886 30.220726047776303 1 9 2
E 29.759188878001698 40.43288359845179 1 10 2
M 31.969215311926472 32.67124386200176 0 1
E 47.62729387075861 9.27991864247827 0 7 2
E 49.5265096467433 16.407864561629186 0 2 2
E 41.40828826494503 23.60072618750885 2 10 2
E 46.359259456857195 21.17870161190564 0 6 2
E 35.96173822400484 7.316247551988079 2 9 2
M 34.709465942559454 19.10038756356121 0 1
M 32.96564217314683 9.135163624192323 0 25
E 39.56650833407922 15.109604853975322 0 53 2
M 29.656608314291994 14.00744727709124 2 100
E 24.254467156570637 23.31001861215602 0 48 2
E 28.999724955690272 7.320351614610935 3 10 2
E 28.22617693739748 1.8632514458981277 0 6 2
E 17.301606041689595 -3.019647096261579 0 7 2
E 23.422423380859215 23.544771377914195 0 48 2
M 12.633236298113982 10.879680529730582 0 25
E 24.667575406661793 -2.623252211859186 0 2 2
M 16.244505718093595 15.53237719399679 3 100
E 20.35504738224416 6.4480876260809765 0 53 2
M 22.649598641934702 12.300629120577383 0 1
E 11.829188911544941 7.468147879463063 3 9 2
M 12.455940119702175 21.669003585964862 0 1
M 13.550232619934388 28.75927402488502 4 100
E 9.681711692072616 14.0906841899234 4 10 2
M 8.009311516999025 30.756032999924162 0 25
E -1.1139253553727797 15.138060680381022 0 2 2
E -3.7671290070313885 22.02102108800467 0 7 2
E 4.516286852675828 30.466505940533068 4 9 2
E 6.180787060764767 22.042716731382868 0 53 2
E 4.252661532925385 13.14003538124931 0 6 2
E 23.3885708616931 24.408634626743165 0 48 2
E 16.632073368536556 40.34224478830215 0 53 2
E 13.537364461961886 49.79657086562918 0 7 2
E 7.811165132790047 45.146272506095535 0 2 2
E 7.569296702602162 39.42492130309265 0 6 2
E 10.151086209290387 34.55535440950503 5 10 2
E 24.129214136355532 44.528372580239484 5 9 2
M 18.215779983877194 34.25873586789478 0 1
M 25.297182866495916 35.409015915156665 5 100
E 24.19969262995506 24.70777871039321 0 48 2
M 25.483974715879917 41.29577749333846 0 25
