E 67.86342992269839 57.47277236528108 0 28 2
M 53.741070887716056 65.72975423153653 0 50
E 60.05355915149249 70.62529727590913 0 34 2
E 44.10258730665128 37.19053804062968 0 5 2
E 65.06455935738396 68.04016752992202 0 55 2
M 57.01213001156672 44.49221366603529 1 100
E 46.204949414566514 50.88440910373659 0 46 2
E 49.01195704529859 42.175639748987315 1 36 2
E 62.73090028500083 59.56821060199163 1 32 2
M 70.57418531659957 52.94220536319568 0 22
E 41.08232984068269 29.5782225763735 0 5 2
E 70.52768131936307 19.141846417878504 0 28 2
E 69.7761192455669 24.634466588156407 2 32 2
E 53.99275111143951 34.60445911451856 0 46 2
E 47.85423942989326 27.819134520313185 2 36 2
M 67.9594728989602 14.528979882271702 0 22
M 70.61725785663658 35.500659036665624 0 50
E 78.27987870111376 26.8494370116658 0 55 2
M 53.8605377749353 22.04906845537946 2 100
E 78.01316663027168 32.48165536133042 0 34 2
E 43.045218960566075 1.0662559861647842 3 32 2
E 43.787801696873 19.72005001078197 0 46 2
E 32.979742534031416 28.38768453574382 0 5 2
E 53.9596074787792 -2.1436419145787324 0 34 2
M 52.87618696892052 5.770904805129087 0 50
E 38.664251396664696 -2.330925947402579 0 28 2
M 32.848407763368584 13.556854789344161 3 100
E 49.21531934372981 -5.190730518256222 0 55 2
M 33.38528758236065 -2.413225480923977 0 22
E 34.84228238459468 21.643494771325866 3 36 2
M 1.4258146834004422 19.057794636804324 0 22
M 14.98786998843328 27.50778633396471 4 100
E 9.26909971499917 12.431789398008377 4 32 2
M 18.258929112283944 6.270245768463464 0 50
E 4.1365700773016085 14.527227634718917 0 28 2
E 27.89741269334872 34.80946195937032 0 5 2
E 22.988042954701417 29.824360251012685 4 36 2
E 6.935440642616053 3.9598324700779806 0 55 2
E 25.79505058543349 21.115590896263416 0 46 2
E 11.94644084850751 1.3747027240908571 0 34 2
E -6.279878701113759 45.15056298833419 0 55 2
E 30.9176701593173 42.4217774236265 0 5 2
E 1.4723186806369128 52.85815358212149 0 28 2
E 18.00724888856049 37.39554088548144 0 46 2
E 2.2238807544330967 47.36553341184358 5 32 2
E 24.145760570106734 44.180865479686815 5 36 2
M 4.040527101039787 57.47102011772829 0 22
M 18.139462225064687 49.95093154462054 5 100
E -6.013166630271689 39.518344638669575 0 34 2
M 1.382742143363415 36.49934096333436 0 50
M 38.61471241763933 74.41322548092398 0 22
E 22.784680656270165 77.19073051825622 0 55 2
E 37.15771761540531 50.35650522867413 6 36 2
E 33.335748603335276 74.33092594740258 0 28 2
M 19.123813031079454 66.2290951948709 0 50
E 39.020257465968584 43.612315464256184 0 5 2
E 28.954781039433907 70.93374401383521 6 32 2
E 18.040392521220774 74.14364191457872 0 34 2
M 39.1515922366314 58.443145210655835 6 100
E 28.21219830312699 52.27994998921802 0 46 2
