M 49.15890475694481 36.133487237612734 0 60
M 68.5951014820857 56.768217713934476 0 18
E 51.28186072580844 38.16452194180978 0 9 2
E 58.67921708880557 69.9207082306899 0 21 2
M 56.57339341223743 62.61148511819838 1 100
E 63.20904765316878 53.13932329979498 0 4 2
E 61.14594197535009 43.52101213122619 0 57 2
E 53.68201991390593 59.330352207002285 0 55 2
E 66.00307775393041 65.86702843069902 1 12 2
E 46.37460132115895 48.854191711062725 1 23 2
E 45.51546135156032 23.847781365259078 0 9 2
E 65.0456876474553 32.352097667836276 0 55 2
E 64.44761320788139 21.005935169471975 0 4 2
E 55.08635855548788 17.983481512870473 0 57 2
E 52.31935722747515 33.442427557272126 2 23 2
E 76.86714423350263 24.950086688726017 2 12 2
M 42.69505571732604 24.67079781331227 0 60
E 76.71580358654015 33.31957597849717 0 21 2
M 69.33291885091003 31.488661222050155 2 100
M 70.28335487263608 18.15592293454923 0 18
E 47.36366773354936 9.021745460833987 0 55 2
E 37.23856555471261 3.8666118696769893 0 4 2
E 30.23360062575187 21.683259423449293 0 9 2
M 37.6882533905504 -2.612294779385246 0 18
M 29.536150960381242 24.53731057569953 0 60
E 41.94475590631622 20.588235846209393 3 23 2
M 48.75952543867261 4.877176103851787 3 100
E 54.03658649773458 -0.6011322521927311 0 21 2
E 46.86406647957223 -4.916941741973007 3 12 2
E 29.940416580137786 10.462469381644272 0 57 2
E 5.996922246069583 6.132971569300979 4 12 2
E 25.625398678841055 23.14580828893727 4 23 2
M 15.426606587762567 9.388514881801632 4 100
E 18.317980086094064 12.669647792997711 0 55 2
M 22.84109524305519 35.866512762387266 0 60
E 20.718139274191554 33.83547805819022 0 9 2
E 10.854058024649905 28.478987868773807 0 57 2
E 13.320782911194431 2.079291769310097 0 21 2
E 8.790952346831224 18.86067670020502 0 4 2
M 3.404898517914313 15.231782286065524 0 18
E -4.7158035865401375 38.68042402150281 0 21 2
E 26.484538648439678 48.15221863474092 0 9 2
E 19.68064277252484 38.557572442727874 5 23 2
E 7.552386792118616 50.99406483052802 0 4 2
E 6.954312352544699 39.647902332163724 0 55 2
E 16.913641444512116 54.01651848712952 0 57 2
E -4.867144233502648 47.049913311273976 5 12 2
M 2.667081149089961 40.51133877794983 5 100
M 1.716645127363907 53.844077065450755 0 18
M 29.30494428267395 47.32920218668773 0 60
E 25.13593352042775 76.91694174197299 6 12 2
E 17.963413502265404 72.60113225219273 0 21 2
E 42.05958341986219 61.53753061835573 0 57 2
M 42.46384903961875 47.46268942430047 0 60
E 41.76639937424812 50.31674057655071 0 9 2
E 24.636332266450623 62.97825453916602 0 55 2
M 34.31174660944958 74.61229477938525 0 18
M 23.240474561327368 67.1228238961482 6 100
E 30.055244093683775 51.4117641537906 6 23 2
E 34.76143444528738 68.13338813032301 0 4 2
