E 40.59249502396003 26.168256094545484 0 56 2
M 44.526090607639496 42.69671722012148 0 7
E 46.75225524181998 46.20330583511621 0 8 2
E 35.76795242452945 30.17996283126103 0 5 2
E 39.10992835836886 28.381226831663657 0 25 2
M 33.06142312493264 24.6229800165898 1 100
E 42.21392108332191 31.660945684189006 0 19 2
E 30.82306013936386 37.84859155205696 1 60 2
E 37.25809073298385 41.01247264507766 1 8 2
M 28.342569434154875 33.189576658738915 0 56
E 33.51399120930811 14.717725702665096 0 5 2
E 31.189497029199572 8.88962746723951 0 56 2
E 44.27679831685117 16.64794957843123 2 8 2
E 36.914403462881815 9.044894075818831 0 19 2
E 39.279234773799516 21.790334331127212 2 60 2
M 34.08173451769454 22.70970640084452 0 56
M 48.12454557136495 10.256131133579972 0 7
E 32.83601897414482 10.983477721215937 0 25 2
M 27.39262294312573 15.574585902407454 2 100
E 52.147432227860335 9.222518226211893 0 8 2
E 23.27365980985683 2.443710307389844 3 8 2
E 13.767619201168396 7.09629054931212 0 19 2
E 18.112017511490684 12.08327616008645 0 5 2
E 18.64381457103189 -7.336291839449354 0 8 2
M 18.38369851860979 -3.1908953164905456 0 7
E 11.850858502101694 12.493020097535691 0 56 2
M 17.035333164931757 18.16982770180548 3 100
E 14.351031692891615 11.574119984727556 0 25 2
M 25.888285163333382 14.012978041516567 0 56
E 26.620026272933558 8.785759960805883 3 60 2
M 15.085289893697631 19.117974582421176 0 56
M 16.302976232482944 28.82216945704024 4 100
E 3.274298758245294 18.029530720196668 4 8 2
M -3.5956107779304745 20.93897137628854 0 7
E 9.30192059096747 31.9986678451756 0 56 2
E 10.847035487628942 25.917333929722172 0 5 2
E 10.340030514291126 16.80674821165129 4 60 2
E 9.200590655691665 29.33690608921763 0 25 2
E 4.761637417608455 28.508038947703245 0 19 2
E -7.457736873009561 19.410588335622442 0 8 2
E 24.502430318903038 39.72426937317522 0 25 2
E 21.759003367042816 37.10170137626526 0 5 2
E 27.065228853771224 40.45042849550371 0 56 2
E 22.342418835019426 43.689830742976795 0 19 2
E 11.917152382062854 41.86633674890459 5 8 2
E 12.937648299611936 34.76856594435865 5 60 2
M 16.602120991119563 30.969764316478823 0 56
M 26.207644534526928 32.810436922157024 5 100
E 9.91423483229736 52.499879442498795 0 8 2
M 12.56127608031625 49.29907558650056 0 7
