E 46.395726146307155 43.4574998108615 0 10 2
M 34.96915276192185 31.119125139849565 0 59
E 39.98667747659165 39.898337343579165 0 10 2
E 25.736381827611062 26.383013068378357 0 55 2
E 44.914409259455475 32.56684955750313 0 2 2
M 36.50425953968666 46.40299466537259 1 100
E 43.326524312537394 41.267098367030044 0 6 2
E 38.01021573257556 37.44406894275937 1 44 2
E 31.53337393285134 28.643765810961746 1 48 2
M 28.428807962992757 24.568030885910495 0 7
E 26.80295160055339 23.084994284020514 0 55 2
E 49.425841966507804 8.713096820996363 0 10 2
E 30.744424304896107 18.270338184958227 2 48 2
E 46.39421087424798 10.955209954180786 0 6 2
E 41.1154641297577 14.829938809694216 2 44 2
M 25.908806400889933 19.963484524452078 0 7
M 34.16034497190332 15.767646440832682 0 59
E 38.6104659842681 6.756516890853139 0 2 2
M 49.1705427608664 19.03064855982659 2 100
E 44.06037235272756 13.708622633450366 0 10 2
E 20.634909522125344 15.815108443300023 3 48 2
E 18.51385915898036 -1.3292219914526229 0 6 2
E 23.995937530351853 21.051482299245887 0 55 2
E 20.41131446437268 1.7412416528417736 0 10 2
M 19.310285768138492 11.793000553178862 0 59
E 17.31830838157814 -4.905325558214561 0 10 2
M 27.0519914018114 -1.4742227574430047 3 100
E 12.115355310296403 4.776091796609393 0 2 2
M 20.750899270700586 20.937265354085945 0 7
E 20.567722832844346 4.88852156271533 3 44 2
M 20.083138915530952 26.14364136585117 0 7
M 0.7156916588254774 13.225415939087565 4 100
E 15.175835404558722 24.67112063876915 4 48 2
M 10.941252235282162 24.68801300038069 0 59
E -5.555354489037808 21.422429528146008 0 10 2
E 21.19453765512579 23.092721560482754 0 55 2
E 4.763271922129898 21.358517940803132 4 44 2
E 2.0444196532791197 29.36245444284354 0 2 2
E -1.7848323810670592 21.390469946510194 0 6 2
E 1.7216980113196256 20.534708160635418 0 10 2
E 22.31534979270089 46.5380873121908 0 2 2
E 22.270191386357908 26.387788787872488 0 55 2
E 12.415477994644712 51.31229939821069 0 10 2
E 13.550238035301314 47.716443723731594 0 6 2
E 21.91145683556848 32.599666922010854 5 48 2
E 15.543325382692498 41.47895274402794 5 44 2
M 24.828347449885776 28.387577869700323 0 7
M 6.557514638810059 42.81516359315625 5 100
E 13.819937694988472 44.11709020949327 0 10 2
M 20.618964262754165 36.6322148657582 0 59
