E 0.9785554468969032 14.246253341104307 1 57 2
E 4.4927599123167115 18.045332684162027 1 6 2
E 18.66733042420024 13.325000774721804 0 3 2
E 2.5279026903018105 20.198773686562657 0 45 2
E 11.38869776508001 20.904006189699242 0 3 2
M 10.41280545234898 19.506909755276258 0 1
M 6.396489086822881 22.4094065636562 0 8
E 14.01390102988876 16.8395628586821 0 50 2
M 13.05753370615928 15.440737742352042 1 100
E 14.959850880003454 12.587933653628436 0 25 2
E 23.021444553103095 9.753746658895695 2 57 2
E 9.040149119996546 11.412066346371564 0 25 2
M 10.942466293840722 8.559262257647955 2 100
M 13.58719454765102 4.493090244723743 0 1
E 21.472097309698192 3.801226313437341 0 45 2
E 12.61130223491999 3.0959938103007563 0 3 2
E 9.98609897011124 7.1604371413178995 0 50 2
M 17.603510913177118 1.590593436343798 0 8
E 19.50724008768329 5.954667315837975 2 6 2
E 5.332669575799759 10.674999225278196 0 3 2
