E 1.7795168401389276 21.54433264918696 0 48 2
M 2.7363414711407845 18.4123489009133 0 25
E 13.19674165600907 16.31686375224844 0 25 2
E 9.21084734407694 17.68540130837041 0 39 2
E 3.5219609695432865 23.270529883939528 0 34 2
M 7.402991040520047 20.59488195619737 1 100
E 16.82635088785454 19.188243165776903 0 35 2
E 18.671151568602216 13.817959881000439 1 31 2
E 23.03730825142376 22.48522003130304 1 47 2
M 10.274123476395854 14.64843066098577 0 1
E 14.789152655923061 6.314598691629594 0 39 2
E 22.22048315986107 2.4556673508130396 0 48 2
E 0.9626917485762391 1.5147799686969612 2 47 2
E 7.1736491121454575 4.8117568342230985 0 35 2
E 5.328848431397783 10.182040118999561 2 31 2
M 13.725876523604146 9.35156933901423 0 1
M 21.263658528859214 5.5876510990867 0 25
E 20.478039030456713 0.7294701160604695 0 34 2
M 16.597008959479954 3.405118043802632 2 100
E 10.80325834399093 7.683136247751561 0 25 2
