M 0.5858086410900235 15.800995943676241 0 52
M 13.497665681149181 14.018222970769056 0 58
E 9.290597917671143 21.267359679683103 0 60 2
E 21.980864114358962 15.051487524261313 0 38 2
M 2.1240776700561845 17.518702739093186 1 100
E 18.915173883364538 12.386263797927914 0 57 2
E 20.256603019635076 22.28876115144845 0 12 2
E 5.2955632386641955 16.708845475766275 0 14 2
E 7.142181393424499 18.719849854260097 1 48 2
E 22.846774584658284 20.206418303447276 1 36 2
E 14.70940208232886 2.732640320316899 0 60 2
E 18.704436761335803 7.291154524233724 0 14 2
E 5.084826116635462 11.613736202072086 0 57 2
E 3.743396980364922 1.7112388485515482 0 12 2
E 1.1532254153417185 3.793581696552726 2 36 2
E 16.8578186065755 5.280150145739904 2 48 2
M 23.414191358909974 8.19900405632376 0 52
E 2.019135885641036 8.94851247573869 0 38 2
M 21.875922329943812 6.481297260906814 2 100
M 10.502334318850817 9.981777029230944 0 58
