E 30.06630844139313 35.05113729177524 0 44 2
M 44.51997488231497 33.67057809791908 0 26
E 36.524275763532 42.882241965141404 0 28 2
E 31.594220477813764 47.17204566977632 0 10 2
E 25.507758612762796 25.40246435054111 0 11 2
M 47.16695497553962 38.84675991651427 1 100
E 27.03941968533519 24.0200272843014 0 56 2
E 41.0333327718978 44.92447139405531 1 38 2
E 38.76570022114529 27.038503121246247 1 48 2
M 33.19356246982021 29.217512602418424 0 35
E 48.38466821680435 23.93802303478642 0 10 2
E 36.3848485353259 21.645587057286047 0 44 2
E 31.452640495424227 10.895933688945396 2 48 2
E 24.95827941504487 21.115528873706516 0 56 2
E 49.16394416670799 14.266355132138353 2 38 2
M 31.80311640140429 16.868702567623675 0 35
M 39.538287279149515 7.472717151648624 0 26
E 25.799745894212673 22.99942166465403 0 11 2
M 45.27909055983157 6.554817633404303 2 100
E 45.82829331637919 17.923639582343924 0 28 2
E 13.840284910960737 12.862738507689551 3 48 2
E 21.552829563881915 22.197271520081536 0 56 2
E 31.476333284560617 0.7896504592021216 0 10 2
E 24.9663514223925 1.3623607688526391 0 28 2
M 13.083214783159566 4.11499936011659 0 26
E 25.587948898957627 11.493755486074878 0 44 2
M 13.984246240123326 -1.6284755590107465 3 100
E 23.604545520973705 21.979144229808288 0 11 2
M 19.629028684419406 14.37510320048815 0 35
E 22.518840014132394 -2.9401947568147877 3 38 2
M 13.495474761716064 25.182784072067918 0 35
M -3.4691668063849135 25.6059133912811 4 100
E 10.26831026353435 30.220860167211367 4 48 2
M 1.714768408960697 28.23767658659002 0 26
E 12.596557856627891 18.625128761491318 0 44 2
E 4.235959864276252 9.717192058234975 0 10 2
E -2.0793513807504866 17.0836888446084 4 38 2
E 21.9558497967457 23.75162078300615 0 11 2
E 21.52928607917024 25.77032365321644 0 56 2
E 2.7689447077361775 16.085529947748974 0 28 2
E 23.132100175305123 25.86734897199043 0 11 2
E 4.308818156545025 38.383088778000165 0 10 2
E 15.364336267695455 33.184391403372516 0 44 2
E 24.920185256567784 26.896848668694112 0 56 2
E 25.673064108935403 38.98196451490743 5 48 2
E 9.363234428012305 46.66567938601273 5 38 2
M 21.87881768264003 34.35589755740183 0 35
M 17.038875030890395 50.620984617811075 5 100
E 9.912134789960126 41.74622773591307 0 28 2
M 21.14375464641525 46.50402880372569 0 26
