M 41.24600690513135 37.37281153187672 0 43
E 51.44107947179346 46.92916613126833 1 50 2
E 43.57231710358413 40.85452777253726 0 20 2
E 55.48723511338422 43.044644377394924 0 42 2
E 70.61717461366709 56.88545918912003 0 31 2
M 45.97099986171054 50.73593246653989 1 100
E 57.67122537455701 63.11693623962397 0 5 2
M 66.60165225767068 59.86201317575719 0 25
E 61.136379337889935 65.61351287959683 0 49 2
E 64.07643025374293 53.60535056621548 1 35 2
E 53.1854752477556 28.092215981206643 2 50 2
E 65.28489595974483 20.48777343578439 2 35 2
E 70.31956834359573 30.790636414307677 0 5 2
E 71.39592553431464 16.463376971882546 0 31 2
M 53.74719179533069 34.732827051897495 2 100
E 74.2142441179735 29.03801337402347 0 49 2
M 71.96593572448005 21.42919833495838 0 25
E 43.99030292618642 31.869444909053374 0 20 2
E 51.84445854814332 22.6458815309866 0 42 2
M 39.81189311377915 32.14323051766603 0 43
E 48.64834296903872 3.673700174683712 0 5 2
E 36.77875092064754 -4.422082217237473 0 31 2
E 37.744395775962154 17.1630498499383 3 50 2
M 34.5658862086478 30.77041898578931 0 43
E 37.20846570600189 2.882422869568913 3 35 2
E 49.077864780083566 -0.5754995055733552 0 49 2
E 32.357223434759106 15.601237153591677 0 42 2
E 36.41798582260229 27.01491713651611 0 20 2
M 41.3642834668094 -2.4328148407988186 0 25
M 43.77619193362017 19.9968945853576 3 100
M 5.398347742329325 12.137986824242805 0 25
E 10.86362066211007 6.38648712040317 0 49 2
E 16.512764886615777 28.955355622605076 0 42 2
E 14.328774625442986 8.883063760376032 0 5 2
E 20.55892052820655 25.07083386873166 4 50 2
M 26.02900013828946 21.26406753346011 4 100
E 28.427682896415867 31.14547222746274 0 20 2
E 1.3828253863329052 15.114540810879976 0 31 2
M 30.75399309486865 34.62718846812328 0 43
E 7.923569746257067 18.394649433784522 4 35 2
E 28.009697073813573 40.13055509094662 0 20 2
E 18.814524752244395 43.90778401879335 5 50 2
E -2.214244117973491 42.96198662597651 0 49 2
E 0.6040744656853605 55.53662302811743 0 31 2
E 6.715104040255167 51.512226564215595 5 35 2
E 1.6804316564042594 41.209363585692316 0 5 2
M 18.2528082046693 37.2671729481025 5 100
M 0.03406427551993261 50.57080166504161 0 25
E 20.155541451856667 49.35411846901339 0 42 2
M 32.18810688622085 39.85676948233397 0 43
M 30.63571653319059 74.43281484079881 0 25
E 35.58201417739771 44.985082863483896 0 20 2
M 28.223808066379824 52.00310541464239 6 100
E 34.25560422403784 54.836950150061696 6 50 2
E 23.351657030961263 68.32629982531628 0 5 2
M 37.4341137913522 41.229581014210694 0 43
E 39.64277656524088 56.39876284640833 0 42 2
E 22.92213521991642 72.57549950557335 0 49 2
E 35.22124907935243 76.42208221723749 0 31 2
E 34.79153429399808 69.11757713043109 6 35 2
