E 40.3777755878609 49.35273768189744 0 58 2
E 42.202375728131244 35.95406079257425 1 30 2
E 45.9836113635003 30.828996700108394 1 42 2
E 43.92194403766244 57.3181797484007 0 16 2
E 35.88262162860193 44.72919044917415 0 45 2
E 48.38185006344784 51.10546882345461 0 50 2
M 58.29839043697668 34.25612413559959 0 24
M 51.87760854745077 47.49064826692846 0 54
E 54.79362783084544 39.52016266340143 0 31 2
M 38.640799195507824 42.79821975396929 1 100
M 44.84198409038315 25.736979020836024 2 100
E 46.715865089156665 9.361750741082483 0 31 2
M 53.39514784593374 14.598065387108011 0 54
E 45.82612261115504 28.956864529399304 0 45 2
E 35.72763025643139 15.054856327428018 2 42 2
E 60.28325016541346 25.201226201130016 0 16 2
M 42.79249815180636 4.401846062318532 0 24
E 55.75279771166829 19.039770256295547 0 50 2
E 51.6124563009778 26.110473733902857 0 58 2
E 39.433389786936154 20.234757019925972 2 30 2
E 33.898460055215125 14.626116375124003 0 45 2
E 17.55625880996657 19.93439654349169 3 42 2
M 22.581387993165173 2.9904326498008373 0 54
M 9.607808221859868 9.923346681661297 0 24
M 30.53205143283415 14.567088386153515 3 100
E 23.62777978932143 18.01068713733869 3 30 2
E 32.97945698651521 8.243402885519066 0 58 2
E 27.53425422776369 2.120736670428494 0 50 2
E 34.794133854378956 -0.28398506042480776 0 16 2
E 15.537344945611176 7.72469782629521 0 31 2
E 2.723287593473305 23.7298974247207 0 50 2
M 15.48684177887144 24.724957056433848 4 100
M 4.604434224196881 43.19009980659979 0 24
E 16.628361539065473 32.355440129193035 4 30 2
E 16.583258206751697 21.541552851341898 0 45 2
E 2.679687503209271 16.082241716733414 0 16 2
E 10.22894938470694 20.443209769810043 0 58 2
E 16.581714740920894 38.72425861917142 4 42 2
E 4.345722519665582 36.87135540589354 0 31 2
M 2.019897784494262 28.70910396903947 0 54
E 14.801361739939157 45.8501759288706 0 58 2
M 34.696868965160206 58.228583313820785 0 24
E 34.15078482918085 45.45749180980047 5 42 2
M 20.125957828956047 56.211749727123234 0 54
E 17.80953749827621 40.14627579496065 0 45 2
E 8.320984439335874 51.682337394160676 0 16 2
M 20.498323502403437 42.17275578260731 5 100
E 28.60743961472114 56.52203336332732 0 31 2
E 15.607810403646875 54.00412682510066 0 50 2
E 28.1080931565457 43.44505492096805 5 30 2
