E 1.4468794510579683 12.046786204137259 1 17 2
E 22.963687706828004 16.886811460974403 1 33 2
E 4.3890490476584025 23.399229412747523 0 54 2
E 18.567682425320644 13.879657509315933 0 10 2
E 6.463536293928146 21.498303514952603 0 13 2
M 2.16173267401467 15.370626766473112 0 27
M 7.456253390441743 17.662522175004774 0 56
E 9.387589305852865 22.41216788483831 0 28 2
M 3.0272769871377188 19.861789519021222 1 100
E 21.374552116829406 19.02618519006912 0 37 2
E 22.55312054894203 11.953213795862741 2 17 2
E 2.625447883170594 4.973814809930877 0 37 2
M 20.972723012862282 4.138210480978779 2 100
M 21.838267325985328 8.629373233526888 0 27
E 5.432317574679357 10.120342490684065 0 10 2
E 17.536463706071853 2.5016964850473955 0 13 2
E 14.612410694147135 1.58783211516169 0 28 2
M 16.54374660955826 6.3374778249952275 0 56
E 1.0363122931719944 7.113188539025598 2 33 2
E 19.6109509523416 0.6007705872524781 0 54 2
