E 31.335308561801092 35.33868797411417 0 20 2
M 44.9453973643788 42.6268341656715 0 44
E 34.251449324440735 37.28867000304375 0 52 2
E 32.81802480692743 26.549994706034102 0 21 2
E 46.9451142372359 47.112835195629934 0 25 2
M 39.64082189466736 41.03288021261321 1 100
E 26.846774436858674 24.33985178571114 0 20 2
E 28.918482046652354 29.147232034895104 1 40 2
E 42.19369251605236 32.44248400102473 1 58 2
M 36.10484492124225 45.73563478562092 0 27
E 29.150108603852317 16.40155174625004 0 21 2
E 37.050468088599374 20.52755427117956 0 20 2
E 37.65143960078463 9.305641208193281 2 58 2
E 25.202919935516626 21.39757659875651 0 20 2
E 30.415203106613802 20.912827772024286 2 40 2
M 48.41241989361352 19.20428889119439 0 27
M 48.187655750740355 9.835751658812594 0 44
E 53.07204276004027 9.320158451177166 0 25 2
M 45.03251148892455 14.388143865714946 2 100
E 39.806148257516455 18.356717182102194 0 52 2
E 14.243361152598837 6.475902822752876 3 58 2
E 21.89667096903543 22.05176209920227 0 20 2
E 18.364917356006565 16.753906011391134 0 21 2
E 23.517287529924364 7.223589407367126 0 52 2
M 18.0033959977606 -3.3808210656196236 0 44
E 24.730324286049193 10.515222541385391 0 20 2
M 21.35798507426067 1.0266660014244593 3 100
E 19.0223963108593 -8.185476222265347 0 25 2
M 26.982860320645 -0.6995472510882337 0 27
E 23.046331517968895 16.944790599091164 3 40 2
M 1.4310891682385005 13.530551400899043 0 27
M 1.3346334881840192 19.41355488826184 4 100
E 4.318625975563859 27.86387111411191 4 58 2
M -3.8937608411979525 21.241970282755357 0 44
E 11.400897142988528 19.138394928668184 0 20 2
E 15.367218792745115 27.120115883113396 0 21 2
E 16.995397357491452 22.726813020466267 4 40 2
E -8.14837102245609 18.78812329936128 0 25 2
E 21.497151233822894 25.398346160379752 0 20 2
E 7.895519029183386 19.274890862426926 0 52 2
E 9.108817714320622 52.96435927609696 0 25 2
E 24.29973044046856 33.174431653211336 0 21 2
E 15.48300192056181 34.480140284652684 0 20 2
E 24.556483424766377 26.812463355950324 0 20 2
E 21.592880755000323 43.9121008539172 5 58 2
E 20.624585971273493 30.268336573523175 5 40 2
M 7.06878569626073 42.229072173373865 0 27
M 12.634048053963406 44.138755031985546 5 100
E 14.529595858935064 37.85613254506001 0 52 2
M 12.757311728318205 49.67626495838017 0 44
