E 32.172771884739255 41.25824746302283 0 17 2
E 37.69664999915179 30.459173811052757 0 51 2
M 43.1863435825856 34.59723314863241 1 100
E 34.819563539106866 36.12352351200992 1 3 2
E 46.39065467769533 26.772549027926534 0 4 2
E 41.56320178083739 28.73182501251049 0 40 2
E 36.332088457894955 45.40899822699343 0 49 2
E 39.318533142672706 38.83206924833341 1 36 2
M 30.186655299728773 33.033987486739605 0 32
M 25.683272529857685 25.320898961724815 0 46
E 33.55594363034609 3.5619867320303316 0 4 2
E 34.37553695862824 12.96970624412958 0 51 2
M 25.776409382806424 22.80729291880341 0 46
E 42.839823178750194 14.014570694058921 2 36 2
M 34.503614293348605 20.907796823494163 0 32
E 42.93909411307637 21.56032380202729 0 17 2
M 40.00747386764153 9.027428048185211 2 100
E 33.927560838031596 8.758616842602152 0 40 2
E 48.171992180758174 18.88723119727484 0 49 2
E 38.87358504185811 17.45635838957827 2 3 2
M 23.414608846650907 21.94196752347301 0 46
E 20.325117923832998 2.9965960483357263 3 36 2
E 7.515243280436614 8.596064109946898 0 4 2
E 22.37281755132347 7.832283562551356 3 3 2
M 14.706819341642603 4.149208486142692 3 100
E 16.715784492811174 10.72372974192359 0 51 2
E 27.53223199327499 5.2339497250859095 0 17 2
E 26.607024285610294 -0.5688631236976931 0 49 2
E 12.572368242448531 9.848482160657445 0 40 2
M 24.304935338279876 13.0549258500594 0 32
E 1.4392374372453958 13.928376327336071 0 49 2
M 21.861798987710333 23.92077306075179 0 46
M 2.24902462190047 26.704108092662988 4 100
E 9.122570276550016 26.825107492549858 0 51 2
E 4.25591642069052 34.91785732739248 0 4 2
M 13.684846110079306 20.32777534245468 0 32
E 7.0097743248838995 30.495264140283677 0 40 2
E 7.243945314917364 14.841619293486497 0 17 2
E 2.888974793530818 21.004611784368706 4 36 2
E 8.120760898962512 20.551443331608105 4 3 2
E 24.92709481379859 42.16581184394623 0 40 2
E 10.111956693992024 37.105859716377466 0 17 2
E 28.282241990831444 46.151542802703744 0 4 2
E 22.089458272858785 39.022282710344214 0 51 2
E 14.627550961213279 43.15215222490323 5 36 2
M 23.263910252974647 26.00906753524697 0 46
M 17.319948958563447 32.67551449725215 0 32
E 7.4496576384911775 42.34425737209334 0 49 2
E 15.813272968749033 38.036391204252354 5 3 2
M 19.850338586229793 45.522022224376684 5 100
