E 9.420679781273128 21.62017578427994 1 17 2
E 10.680652485380998 18.04182674747175 1 1 2
E 8.628228615385611 12.81147915436118 0 55 2
E 4.454047831519331 20.765781037097174 0 29 2
E 5.48258829355005 14.278898726790061 0 51 2
M 12.910170738745228 16.192905966603934 0 51
M 20.49419830382699 18.810098381906265 0 21
E 17.890995964291395 23.523473559754397 0 14 2
M 3.7311176834392734 15.216779254949852 1 100
E 14.724711807517759 17.289099872386046 0 51 2
E 14.579320218726872 2.3798242157200584 2 17 2
E 9.27528819248224 6.710900127613952 0 51 2
M 20.268882316560727 8.783220745050148 2 100
M 11.089829261254772 7.807094033396067 0 51
E 19.54595216848067 3.234218962902827 0 29 2
E 18.51741170644995 9.72110127320994 0 51 2
E 6.109004035708605 0.47652644024560187 0 14 2
M 3.505801696173009 5.1899016180937325 0 21
E 13.319347514619002 5.958173252528253 2 1 2
E 15.37177138461439 11.18852084563882 0 55 2
