M 18.39175428940813 14.4435795029594 0 47
M 7.493532301413785 16.944002069675992 0 4
E 23.118972131626215 13.397728547140773 0 49 2
E 8.45787449127658 19.49147643115697 0 59 2
M 11.987424377868573 16.124218677954858 1 100
E 9.614795971777266 20.780741596974917 0 29 2
E 19.17039193209991 12.481295577108071 0 11 2
E 20.14571693161339 23.476835912831085 0 47 2
E 10.96487907095663 18.400110520146374 1 37 2
E 0.5630783094006488 21.884812965972856 1 52 2
E 0.8810278683737849 10.602271452859227 0 49 2
E 3.8542830683866116 0.5231640871689145 0 47 2
E 14.385204028222734 3.2192584030250857 0 29 2
E 4.829608067900091 11.518704422891929 0 11 2
E 23.436921690599352 2.115187034027143 2 52 2
E 13.03512092904337 5.599889479853627 2 37 2
M 5.608245710591872 9.5564204970406 0 47
E 15.54212550872342 4.508523568843033 0 59 2
M 12.012575622131427 7.875781322045144 2 100
M 16.506467698586214 7.055997930324009 0 4
