M 62.94653025468508 46.89617230392823 0 10
E 56.75209076711775 53.55589846917991 1 40 2
E 59.3256402341446 43.84129459927864 0 31 2
E 50.86049834123501 56.93417183679986 0 28 2
E 46.42812899495282 49.2392790598867 0 6 2
M 54.05891457440706 51.52747466502482 1 100
E 65.65900493145855 70.33834659630324 0 23 2
M 42.04493699565968 41.77628585763628 0 41
E 38.87534260261423 38.17977695462848 0 26 2
E 67.74543766028955 63.680007649959904 1 8 2
E 61.57989944412901 26.806111448625483 2 40 2
E 75.84430863195766 22.34764835691397 2 8 2
E 80.5673829420828 27.483721576540567 0 23 2
E 52.67961649112965 33.588614906373124 0 6 2
M 58.47664480373429 28.124258546302855 2 100
E 39.32541351859926 34.59976873886665 0 26 2
M 44.024878790063646 33.65307392630048 0 41
E 54.45358043860532 19.72005029733369 0 31 2
E 61.55977378847492 33.59751684199391 0 28 2
M 58.90962714655681 18.11170640756088 0 10
E 50.90837801062425 -6.854625019762669 0 23 2
E 42.251487496176836 20.349335846486422 0 6 2
E 40.82780867701128 9.250212979445575 3 40 2
M 31.963096891871736 7.215534103632642 0 10
E 44.098870971668106 -5.3323592930459345 3 8 2
E 36.45007091598503 32.41999178423818 0 26 2
E 46.69927544723992 12.663345005194046 0 28 2
E 31.12794020446072 11.87875569805505 0 31 2
M 37.97994179440396 27.8767880686642 0 41
M 40.41773022932723 12.596783881278037 3 100
M 29.95506300434032 30.22371414236372 0 41
E 33.12465739738577 33.82022304537152 0 26 2
E 21.139501658764992 15.065828163200138 0 28 2
E 6.3409950685414405 1.661653403696762 0 23 2
E 15.247909232882247 18.444101530820088 4 40 2
M 17.94108542559294 20.472525334975185 4 100
E 12.67435976585539 28.158705400721363 0 31 2
E 25.57187100504718 22.760720940113302 0 6 2
M 9.053469745314919 25.103827696071768 0 10
E 4.254562339710445 8.319992350040096 4 8 2
E 17.546419561394668 52.27994970266631 0 31 2
E 10.420100555870976 45.19388855137451 5 40 2
E 32.67458648140074 37.40023126113335 0 26 2
E 19.320383508870343 38.411385093626876 0 6 2
E -3.8443086319576607 49.652351643086014 5 8 2
E -8.567382942082805 44.51627842345942 0 23 2
M 13.523355196265708 43.87574145369714 5 100
M 27.975121209936354 38.34692607369952 0 41
E 10.440226211525069 38.402483158006085 0 28 2
M 13.090372853443181 53.888293592439105 0 10
M 34.02005820559602 44.1232119313358 0 41
E 40.87205979553927 60.121244301944955 0 31 2
M 31.582269770672752 59.40321611872197 6 100
E 31.172191322988716 62.749787020554415 6 40 2
E 21.09162198937573 78.85462501976266 0 23 2
M 40.03690310812825 64.78446589636737 0 10
E 25.300724552760062 59.336654994805954 0 28 2
E 35.54992908401497 39.58000821576182 0 26 2
E 29.748512503823157 51.650664153513574 0 6 2
E 27.901129028331866 77.33235929304593 6 8 2
