E 69.66245441237353 42.96661391676314 0 54 2
M 54.98829676859579 57.280123393451944 0 48
E 63.46876967784719 45.56373475083858 0 28 2
E 39.30191504923978 36.53216658340215 0 57 2
E 45.03301185068255 40.309800233954945 0 58 2
M 60.939868368530384 66.35683621847973 1 100
E 52.815038138705134 53.73092472497374 0 35 2
E 67.09831801537493 62.68654051282117 1 18 2
E 58.304673308168844 59.950468597378645 1 54 2
M 49.25555488180248 47.83028246706175 0 12
E 38.11182730489132 33.40654097792128 0 57 2
E 58.86449183646185 10.330766283530526 0 54 2
E 67.89405089195579 28.658820590702412 2 54 2
E 59.76295031376943 30.30321216876403 0 35 2
E 74.66038103091321 22.411336840128644 2 18 2
M 52.873102591322365 30.4354939646311 0 12
M 63.923275838694806 30.195714320524058 0 48
E 44.24890241318237 30.332082381600504 0 58 2
M 74.75972552799217 29.579858535052598 2 100
E 58.01682208820584 16.993215023699925 0 28 2
E 45.58937758378694 4.708351993323762 3 54 2
E 42.94791217506431 12.57228744379029 0 35 2
E 34.80991225565154 32.87437439451913 0 57 2
E 30.548052410358657 7.429480272861353 0 28 2
M 44.93497907009902 8.91559092707211 0 48
E 25.20203742408833 3.364152366767377 0 54 2
M 49.81985715946179 -0.7769776834271319 3 100
E 35.21589056249983 26.02228214764556 0 58 2
M 39.61754770951988 18.605211497569346 0 12
E 43.562063015538286 -4.275203672692536 3 18 2
M 22.74444511819752 24.169717532938247 0 12
M 11.060131631469618 5.643163781520272 4 100
E 13.695326691831156 12.049531402621353 4 54 2
M 17.011703231404216 14.719876606548047 0 48
E 2.3375455876264666 29.03338608323686 0 54 2
E 32.69808495076022 35.46783341659785 0 57 2
E 4.901681984625076 9.313459487178825 4 18 2
E 26.96698814931745 31.690199766045055 0 58 2
E 19.184961861294873 18.26907527502626 0 35 2
E 8.531230322152805 26.436265249161426 0 28 2
E 27.75109758681762 41.6679176183995 0 58 2
E 33.88817269510868 38.59345902207872 0 57 2
E 13.135508163538129 61.66923371646948 0 54 2
E 12.237049686230565 41.696787831235966 0 35 2
E 4.105949108044213 43.341179409297574 5 54 2
E -2.6603810309132085 49.58866315987135 5 18 2
M 19.12689740867764 41.56450603536889 0 12
M -2.759725527992174 42.42014146494739 5 100
E 13.983177911794147 55.00678497630007 0 28 2
M 8.076724161305197 41.804285679475925 0 48
M 32.3824522904801 53.39478850243065 0 12
E 36.78410943750017 45.977717852354445 0 58 2
E 28.437936984461693 76.27520367269253 6 18 2
E 46.797962575911654 68.63584763323263 0 54 2
M 27.065020929900964 63.0844090729279 0 48
E 37.19008774434846 39.12562560548087 0 57 2
E 26.410622416213037 67.29164800667624 6 54 2
E 41.451947589641335 64.57051972713866 0 28 2
M 22.18014284053819 72.77697768342713 6 100
E 29.052087824935676 59.42771255620971 0 35 2
