M 36.29693619795491 41.71599894978198 0 6
E 49.95928295034345 51.01967781367771 1 59 2
E 51.71987398589145 33.16646081819249 0 15 2
E 40.59384737020433 48.45170187545445 0 59 2
E 56.55647626723429 46.651431762125746 0 35 2
M 58.40251532536016 44.2730024898088 1 100
E 42.446768396002895 30.590904797784965 0 22 2
M 44.66850074840308 34.91825146767224 0 17
E 46.490022818422595 39.293487733545575 0 2 2
E 54.486666056740866 55.74473531856489 1 37 2
E 56.158659182317116 17.513031550209554 2 59 2
E 62.051494232132235 14.66735741351473 2 37 2
E 34.40824681785735 18.34501943473812 0 22 2
E 54.04285516030414 9.888865591380863 0 35 2
M 52.35129194356081 7.398203050750115 2 100
E 43.93432935662085 17.188901991364112 0 2 2
M 39.21035112036607 17.56925006507116 0 17
E 39.72329337205804 10.321662517452227 0 15 2
E 50.82229017859394 25.62654188058641 0 59 2
M 43.08843744376016 27.63170057780182 0 6
E 20.277677968231522 22.20592107466373 0 22 2
E 18.302825408424475 0.9192036210301104 0 35 2
E 26.207657524453065 1.26295126790421 3 59 2
M 31.792163001915657 16.82031151176281 0 6
E 25.32224676893808 -5.220829574366892 3 37 2
E 22.121866334404547 12.788818263911352 0 2 2
E 32.27503568377985 8.845352358373766 0 59 2
E 14.289451800626995 14.671657775501945 0 15 2
M 21.02380929230383 17.39912256689119 0 17
M 15.41134278823211 1.7583187887310778 3 100
M 15.242057932776717 34.642979393196065 0 17
E 11.196716270126363 32.17400270918168 0 2 2
E 10.583759199600868 21.29916685686077 0 59 2
E 19.583027716937785 36.83797487840481 0 22 2
E 1.4975442708149576 24.726495596993168 4 59 2
M -1.3675779506546277 35.14747806124639 4 100
E 10.567053858835987 40.20490099661781 0 15 2
E -1.2721066302394899 32.138213826500866 0 35 2
M 18.019180204803757 24.222803975331882 0 6
E -4.9425047199131455 23.564972797559037 4 37 2
E 33.70032698258753 51.63531789223553 0 15 2
E 16.176856072071406 55.47784377121534 5 59 2
E 26.25706522042565 48.55478930199728 0 2 2
E 22.36994979427657 60.40228519896241 0 35 2
E 13.082097662101969 61.24376404472823 5 37 2
E 33.28427910097044 42.020179814408365 0 22 2
M 25.202427893501554 61.42299760946361 5 100
M 29.855280906150295 45.47039650716933 0 17
E 15.725067567821025 45.777237028724606 0 59 2
M 20.803283151565513 39.60918498532151 0 6
