E 31.19639050369067 30.161936294318973 0 14 2
M 37.03874794105106 45.15509408712979 0 5
E 45.522794987814926 46.50534881992595 0 9 2
E 42.098477412957216 24.474855410258 0 0 2
E 44.05162788164483 26.01574960852028 0 54 2
M 34.87145726522125 28.33073070686092 1 100
E 33.17689217759846 35.779556960778365 0 12 2
E 46.982165592041405 32.660018097056366 1 37 2
E 40.13870692820173 39.546196866907245 1 12 2
M 28.830785769647168 37.62127594503037 0 10
E 30.044351425138796 6.934063513026999 0 0 2
E 32.08415662950657 19.05996895086078 0 14 2
E 43.77244654193047 13.45521664112891 2 12 2
E 38.03884004504264 18.91234018224518 0 12 2
E 39.33804637791938 4.818754418699761 2 37 2
M 38.44739814678119 23.614855467036218 0 10
M 48.14888478355799 18.13669739685745 0 5
E 32.1133855807134 5.55266952627351 0 54 2
M 31.47823470765395 14.998899112768493 2 100
E 52.05476806436877 10.485140827647228 0 9 2
E 20.081337075451636 1.9367686133061426 3 12 2
E 23.499588132860996 9.07609634865206 0 12 2
E 9.637137207727426 12.977815790945703 0 0 2
E 19.816005222460078 -6.857991141608241 0 9 2
M 25.886083645592937 -0.7788143821976249 0 5
E 21.799893063722187 14.78495661183319 0 14 2
M 17.750345959958025 14.106283008663175 3 100
E 8.962720171069353 10.583173157015047 0 54 2
M 28.098197334065855 10.140691643016812 0 10
E 10.497268390534986 3.4853201871413533 3 37 2
M 12.085427098275712 15.81962090778271 0 10
M 12.659266677672013 26.886447511512994 4 100
E 1.8056865802445743 20.908956460240812 4 12 2
M 1.0167790150437526 14.549153114019694 0 5
E 14.55610250498934 23.244821027447138 0 14 2
E 9.078911193485535 34.25385201551508 0 0 2
E 0.3168065464636669 30.50247618863226 4 37 2
E 6.593064386664254 34.15527546358984 0 54 2
E 9.651888412691655 19.864180116393133 0 12 2
E -6.640619045640508 18.443571822295706 0 9 2
E 28.27920197990816 43.69313224460132 0 54 2
E 29.14112276069103 41.35941327025422 0 0 2
E 20.363457298091234 32.74831711553992 0 14 2
E 15.632791231806241 36.36782639193126 0 12 2
E 14.201822874171603 44.15286141841689 5 12 2
E 22.865713093040558 48.53343110847025 5 37 2
M 12.538191651230076 32.803556037133895 0 10
M 23.240695389494757 35.67763966019441 5 100
E 9.247050770996726 51.423929671739344 0 9 2
M 7.909504614754272 42.93786978419069 0 5
