M 42.536703000872095 46.6585624027464 0 28
E 52.81332382201508 55.39320762379366 1 3 2
E 64.30773828063272 53.31420515965674 0 34 2
E 38.867069848639886 37.56976951940372 0 1 2
E 70.75517872842944 50.370362524469684 0 10 2
M 62.2019506357092 65.40020781407206 1 100
E 59.127749228834844 39.7678442770648 0 43 2
M 55.04137115762203 58.85943327287797 0 48
E 68.00700540558361 61.485367471825974 0 25 2
E 46.51578603849179 42.324176673659395 1 45 2
E 61.20167237407891 31.135838259977696 2 3 2
E 46.73479067665589 30.055150486734085 2 45 2
E 50.826923475859346 17.854703774005465 0 43 2
E 65.82268837199734 13.086313570346405 0 10 2
M 74.56230216138279 28.008549027806044 2 100
E 74.07447835817469 21.02380395561173 0 25 2
M 65.3175355092386 30.939405491050003 0 48
E 65.1484106549147 20.14188210511921 0 34 2
E 38.79299520621006 34.301929436355316 0 1 2
M 48.49893730903614 35.668330345623986 0 28
E 27.699174247024512 14.086859496940662 0 43 2
E 31.06750964356791 -1.2840489541232727 0 10 2
E 44.38834855206382 11.742630636184035 3 3 2
M 41.96223430816404 25.00976794287759 0 28
E 36.21900463816411 23.73097381307469 3 45 2
E 42.06747295259108 -4.4615635162142455 0 25 2
E 35.925925357570165 32.732159916951595 0 1 2
E 36.840672374281986 2.827676945462467 0 34 2
M 46.27616435161657 8.079972218172035 0 48
M 48.36035152567358 -1.3916587862660286 3 100
M 16.95862884237797 13.140566727122026 0 48
E 3.992994594416385 10.51463252817403 0 25 2
E 33.132930151360114 34.43023048059628 0 1 2
E 12.872250771165156 32.2321557229352 0 43 2
E 19.186676177984914 16.606792376206336 4 3 2
M 9.79804936429079 6.599792185927927 4 100
E 7.692261719367279 18.685794840343263 0 34 2
E 1.2448212715705609 21.629637475530316 0 10 2
M 29.463296999127902 25.3414375972536 0 28
E 25.48421396150821 29.675823326340605 4 45 2
E 6.85158934508529 51.85811789488078 0 34 2
E 10.798327625921093 40.8641617400223 5 3 2
E -2.0744783581747015 50.97619604438826 0 25 2
E 6.177311628002644 58.913686429653595 0 10 2
E 25.2652093233441 41.944849513265915 5 45 2
E 21.17307652414064 54.14529622599453 0 43 2
M -2.562302161382786 43.991450972193945 5 100
M 6.682464490761402 41.06059450894999 0 48
E 33.20700479378994 37.698070563644684 0 1 2
M 23.501062690963863 36.331669654376 0 28
M 25.723835648383414 63.92002778182797 0 48
E 35.159327625718 69.17232305453754 0 34 2
M 23.6396484743264 73.39165878626602 6 100
E 27.61165144793617 60.25736936381596 6 3 2
E 44.30082575297548 57.913140503059346 0 43 2
M 30.037765691835954 46.990232057122405 0 28
E 36.074074642429835 39.267840083048405 0 1 2
E 29.93252704740889 76.46156351621423 0 25 2
E 40.93249035643207 73.28404895412328 0 10 2
E 35.78099536183588 48.26902618692531 6 45 2
