E 45.88239762395538 49.64393712335211 1 19 2
E 66.94614232496548 38.13033567528717 1 25 2
E 69.0960992858047 55.785738824175766 0 9 2
E 49.90476212050003 40.37077839061701 0 23 2
E 64.67390128473792 51.868492585387756 0 56 2
M 57.51043535119536 46.76796855706475 0 9
M 54.115450489509314 65.17607409142522 0 1
E 60.14531491386255 60.99947173599783 0 40 2
M 62.569951714881654 43.86810958013141 1 100
E 51.93140882196769 58.87808802250855 0 42 2
E 52.75719496843819 34.26356116903172 2 19 2
E 63.77870982849275 33.64203925335474 0 42 2
M 56.098958633594336 16.923801627652285 2 100
M 56.080551993167816 22.75540081793435 0 9
E 46.737586180836416 26.1435119653759 0 23 2
E 64.07946834107976 19.101919354503586 0 56 2
E 69.72283506149645 27.58927977021869 0 40 2
M 70.3249465906259 34.89959672079831 0 1
E 53.317995975869714 10.265022435094648 2 25 2
E 69.68300209728262 17.230806664409002 0 9 2
M 34.57011664197246 11.9874322608696 0 9
E 32.83282406033639 21.772733574758885 0 23 2
E 42.874797344482815 20.619624045679615 3 19 2
M 29.529006918712696 9.05569204752087 3 100
E 45.577520147633926 2.5898080342208574 0 40 2
E 36.58690281147792 -2.554932159766767 0 9 2
E 22.371853650904235 8.134686759807476 3 25 2
M 52.209496101116585 5.723522629373074 0 1
E 35.405567056341845 3.2334267691158325 0 56 2
E 47.84730100652506 10.763951230846185 0 42 2
M 17.88454951049068 6.823925908574767 0 1
E 11.854685086137462 11.000528264002167 0 40 2
E 2.903900714195302 16.21426117582423 0 9 2
M 14.48956464880464 25.232031442935252 0 9
E 26.117602376044623 22.356062876647893 4 19 2
E 7.326098715262077 20.131507414612248 0 56 2
E 5.05385767503452 33.86966432471283 4 25 2
E 22.09523787949997 31.629221609382988 0 23 2
E 20.068591178032303 13.121911977491441 0 42 2
M 9.430048285118346 28.13189041986859 4 100
E 18.682004024130283 61.73497756490534 5 25 2
E 19.242805031561808 37.73643883096827 5 19 2
E 2.277164938503541 44.410720229781305 0 40 2
E 25.262413819163577 45.8564880346241 0 23 2
M 15.90104136640565 55.07619837234771 5 100
M 15.919448006832175 49.24459918206564 0 9
E 7.92053165892023 52.89808064549641 0 56 2
E 8.221290171507247 38.35796074664525 0 42 2
M 1.6750534093740974 37.10040327920168 0 1
E 2.316997902717378 54.76919333559099 0 9 2
M 19.790503898883397 66.27647737062692 0 1
E 49.62814634909576 63.86531324019254 6 25 2
E 24.152698993474925 61.23604876915381 0 42 2
E 36.594432943658134 68.76657323088418 0 56 2
E 29.125202655517178 51.38037595432038 6 19 2
M 37.42988335802753 60.012567739130404 0 9
E 35.41309718852205 74.55493215976676 0 9 2
E 26.42247985236606 69.41019196577915 0 40 2
E 39.16717593966361 50.22726642524112 0 23 2
M 42.47099308128729 62.94430795247913 6 100
