M 65.05426675798769 58.40708356092375 0 29
M 47.50540811417 40.66632885699853 0 57
E 40.4050896235623 38.33507709751162 0 18 2
E 57.81153112327225 70.24239438089181 0 15 2
M 62.456053064963086 64.961145248094 1 100
E 54.80192450504213 61.482522084051105 0 35 2
E 49.88106151835179 47.04171103863858 0 4 2
E 45.432277674404915 43.56814099320373 0 18 2
E 69.92092323703166 54.07225820578517 1 14 2
E 67.58378079791032 36.20306866936911 1 29 2
E 40.22478089802145 33.35261902880363 0 18 2
E 47.27034119673928 31.6154784150184 0 18 2
E 67.46947372980729 32.45831678062191 0 35 2
E 52.50293301988397 29.499503612932045 0 4 2
E 51.967753025341516 8.749177816135077 2 29 2
E 68.61149632847757 15.659747859801294 2 14 2
M 69.9322369674745 22.041808679714798 0 29
E 76.56054898189396 34.231857142257205 0 15 2
M 74.30911404002194 27.56895858591981 2 100
M 45.793863389658135 28.369188720720434 0 57
E 37.838063522334366 24.04733742181467 0 18 2
E 48.66754922476517 6.975794696570816 0 35 2
E 35.819691274459146 31.017541931292005 0 18 2
M 34.28845527548813 23.702859863721905 0 57
M 40.87797020948682 -0.3652748812089655 0 29
E 20.3839722274312 8.54610914676596 3 29 2
M 47.85306097505885 -1.3921866621741912 3 100
E 54.7490178586217 -0.010537238634604762 0 15 2
E 34.690573091445906 -2.412510345983879 3 14 2
E 38.62187150153217 18.457792574293467 0 4 2
E 2.0790767629683358 17.927741794214832 4 14 2
E 4.416219202089683 35.79693133063089 4 29 2
M 9.54394693503691 7.038854751905997 4 100
E 26.56772232559508 28.431859006796277 0 18 2
M 6.945733242012307 13.59291643907624 0 29
E 31.594910376437703 33.66492290248838 0 18 2
E 22.118938481648208 24.958288961361422 0 4 2
E 14.188468876727745 1.7576056191081904 0 15 2
E 17.19807549495787 10.517477915948902 0 35 2
M 24.494591885829998 31.33367114300147 0 57
E -4.56054898189395 37.76814285774278 0 15 2
E 31.775219101978553 38.64738097119637 0 18 2
E 20.032246974658477 63.25082218386492 5 29 2
E 4.530526270192703 39.54168321937808 0 35 2
E 24.72965880326072 40.3845215849816 0 18 2
E 19.49706698011603 42.50049638706795 0 4 2
E 3.388503671522421 56.3402521401987 5 14 2
M -2.3091140400219374 44.43104141408018 5 100
M 26.206136610341865 43.63081127927957 0 57
M 2.067763032525484 49.958191320285195 0 29
E 37.309426908554066 74.41251034598388 6 14 2
E 17.25098214137828 72.0105372386346 0 15 2
E 33.37812849846782 53.542207425706536 0 4 2
M 31.12202979051316 72.36527488120896 0 29
E 36.180308725540854 40.982458068708 0 18 2
E 34.161936477665634 47.952662578185326 0 18 2
M 37.71154472451186 48.2971401362781 0 57
M 24.146939024941126 73.39218666217418 6 100
E 51.616027772568785 63.45389085323404 6 29 2
E 23.332450775234815 65.02420530342917 0 35 2
