E 64.42070596529807 57.976775663602794 0 15 2
E 47.487016760437726 36.12671780572536 0 8 2
M 51.72983717382218 46.23791832846086 1 100
E 41.661505357252736 41.25593669250431 1 12 2
E 39.11764056105939 38.66627923947793 0 56 2
E 56.70375524464744 64.09291124160565 0 7 2
E 44.28933989151385 49.87056517393266 0 55 2
E 54.03936123408145 53.65182749424474 1 54 2
M 61.44101140793096 60.95063569576128 0 27
M 69.37862426259356 67.6909023558237 0 25
E 39.86788583550064 34.63318369399276 0 56 2
E 41.85324921908885 26.115310574625987 0 8 2
M 80.13443864029222 22.93871462313021 0 25
E 60.306611650277276 29.203368650363632 2 54 2
M 70.32839005706558 26.44275567064272 0 27
E 69.24279900060067 22.375334472365342 0 15 2
M 52.73121594122851 27.496520574307603 2 100
E 70.68105242381564 32.11647762520285 0 7 2
E 52.156931751230346 35.7565036603116 0 55 2
E 43.38252737501786 33.72496088320959 2 12 2
M 46.75581437769867 -8.752187732693493 0 25
E 42.267250416195836 11.551541156118898 3 54 2
E 36.75024527444124 31.96690445451484 0 56 2
E 37.72102201776512 28.469024190705284 3 12 2
M 37.00137876740634 17.258602245846742 3 100
E 30.366232458651126 25.988592768900624 0 8 2
E 40.8220930353026 0.39855880876254446 0 15 2
E 43.86759185971649 21.885938486378937 0 55 2
E 49.97729717916822 4.023566383597199 0 7 2
M 44.88737864913462 1.4921199748814373 0 27
E 27.710660108486156 22.12943482606733 0 55 2
M 2.62137573740644 4.309097644176302 0 25
M 20.270162826177817 25.762081671539143 4 100
E 24.512983239562278 35.87328219427464 0 8 2
E 32.88235943894061 33.33372076052207 0 56 2
M 10.558988592069033 11.049364304238722 0 27
E 15.296244755352566 7.9070887583943605 0 7 2
E 7.5792940347019355 14.02322433639721 0 15 2
E 17.960638765918553 18.34817250575526 4 54 2
E 30.338494642747264 30.74406330749569 4 12 2
E 1.318947576184361 39.883522374797145 0 7 2
E 2.7572009993993256 49.62466552763465 0 15 2
E 32.13211416449936 37.36681630600724 0 56 2
E 30.146750780911145 45.88468942537401 0 8 2
E 11.693388349722719 42.79663134963636 5 54 2
M -8.134438640292228 49.06128537686978 0 25
M 1.6716099429344211 45.557244329357275 0 27
E 19.84306824876966 36.24349633968839 0 55 2
E 28.61747262498214 38.2750391167904 5 12 2
M 19.26878405877148 44.50347942569239 5 100
E 22.022702820831775 67.97643361640279 0 7 2
M 27.112621350865368 70.50788002511857 0 27
E 41.63376754134887 46.011407231099376 0 8 2
M 34.998621232593656 54.74139775415326 6 100
E 35.24975472555876 40.03309554548516 0 56 2
M 25.24418562230131 80.7521877326935 0 25
E 34.27897798223488 43.53097580929471 6 12 2
E 31.17790696469737 71.60144119123746 0 15 2
E 28.132408140283502 50.11406151362106 0 55 2
E 29.732749583804143 60.4484588438811 6 54 2
