M 59.738702948102954 53.58571796334498 0 31
E 47.17442070904257 37.08492859029613 1 5 2
E 66.99639470453448 39.947325854489755 0 55 2
E 41.610365978755546 42.336805112247525 0 28 2
E 44.84203216366872 44.361963493019935 0 12 2
M 56.54938048921199 50.35828562905917 1 100
E 63.47338709774912 57.919415829849335 0 37 2
M 69.53412195401913 64.57897177835501 0 11
E 49.914809857687345 46.67007111308244 0 16 2
E 52.59737051931891 60.588271913999584 1 8 2
E 42.52678607500978 26.865132088542275 2 5 2
E 65.59275337234251 33.92039145124671 2 8 2
E 68.71946449363885 23.167056760270313 0 37 2
E 47.66268889230769 32.523557271693775 0 12 2
M 58.70933035416427 25.382857278839708 2 100
E 52.19795757295957 29.28445673095385 0 16 2
M 77.51717655110353 21.248084383391486 0 11
E 54.91668181927048 11.12999768738858 0 55 2
E 44.29301719541523 34.30968309399351 0 28 2
M 63.099029974096574 24.23453917572279 0 31
E 41.24607739588974 1.2476409304209732 0 37 2
E 38.82065672863897 24.161593778673833 0 12 2
E 31.352365365967206 25.780203498246145 3 5 2
M 39.36032702599363 6.6488212123778085 0 31
E 48.99538285302361 9.332119537247122 3 8 2
E 38.28314771527223 18.614385617871413 0 16 2
E 38.682651216659686 27.972877981745988 0 28 2
E 23.920287114736016 7.182671832898828 0 55 2
M 43.983054597084426 -7.330887394963523 0 11
M 38.15994986495228 11.024571649780539 3 100
M 2.465878045980875 7.421028221644988 0 11
E 22.085190142312655 25.329928886917557 0 16 2
E 30.389634021244454 29.663194887752475 0 28 2
E 8.526612902250886 14.080584170150662 0 37 2
E 24.825579290957428 34.91507140970387 4 5 2
M 15.45061951078801 21.641714370940832 4 100
E 5.0036052954655315 32.052674145510245 0 55 2
E 27.157967836331277 27.638036506980065 0 12 2
M 12.261297051897046 18.414282036655017 0 31
E 19.4026294806811 11.41172808600042 4 8 2
E 17.083318180729513 60.870002312611405 0 55 2
E 29.473213924990223 45.13486791145772 5 5 2
E 19.802042427040426 42.715543269046144 0 16 2
E 24.33731110769231 39.476442728306225 0 12 2
E 6.407246627657491 38.079608548753285 5 8 2
E 3.2805355063611437 48.83294323972967 0 37 2
M 13.29066964583573 46.617142721160285 5 100
M -5.51717655110355 50.7519156166085 0 11
E 27.706982804584772 37.69031690600649 0 28 2
M 8.900970025903419 47.765460824277206 0 31
M 28.016945402915553 79.33088739496353 0 11
E 48.07971288526397 64.81732816710118 0 55 2
M 33.840050135047704 60.97542835021947 6 100
E 40.64763463403279 46.21979650175386 6 5 2
E 30.753922604110237 70.75235906957901 0 37 2
M 32.63967297400636 65.35117878762219 0 31
E 33.31734878334031 44.02712201825401 0 28 2
E 33.71685228472776 53.385614382128594 0 16 2
E 33.17934327136102 47.83840622132617 0 12 2
E 23.004617146976372 62.66788046275286 6 8 2
