E 6.6481627933630865 18.56112662148494 1 33 2
E 3.194934066057715 15.757608745527383 1 43 2
E 8.554393771365232 21.167439645659847 0 13 2
E 18.40977737921495 19.71561233447703 0 55 2
E 17.122009112773924 23.28544377978501 0 26 2
M 2.2901468691435327 17.853102129910447 0 52
M 15.203069112083558 12.857274058321014 0 45
E 13.276008611420878 22.31789849378162 0 39 2
M 19.328002282893443 16.904566428647005 1 100
E 7.779206330017004 12.15150107884755 0 23 2
E 17.35183720663691 5.438873378515058 2 33 2
E 16.220793669982996 11.84849892115245 0 23 2
M 4.671997717106558 7.095433571352996 2 100
M 21.709853130856466 6.146897870089556 0 52
E 5.590222620785049 4.2843876655229725 0 55 2
E 6.877990887226078 0.7145562202149925 0 26 2
E 10.72399138857912 1.6821015062183775 0 39 2
M 8.796930887916442 11.142725941678986 0 45
E 20.805065933942284 8.242391254472617 2 43 2
E 15.445606228634768 2.8325603543401527 0 13 2
