M 42.4365049586802 42.97807901957217 0 52
M 44.48414911219247 41.0943047838069 0 1
E 36.720744692082164 48.20274036932388 0 45 2
E 32.056431227544586 34.15940641243627 0 56 2
M 33.85013799170893 31.816456249629407 1 100
E 46.535563030479224 57.44369944314059 0 23 2
E 39.69142160406948 45.88867231052247 0 52 2
E 53.23049804790664 51.97846837360502 0 56 2
E 57.711141682845394 54.526711699722476 1 31 2
E 51.436667222988454 37.405772892547716 1 12 2
E 49.388659167382926 29.233148084555175 0 45 2
E 58.0813842495012 14.698203692532806 0 56 2
E 61.21027917462072 22.754314545702222 0 23 2
E 48.105839311510756 25.692780093292196 0 52 2
E 43.66760304232336 11.90102763020465 2 12 2
E 61.889502698844844 11.224308859900743 2 31 2
M 46.185978003418015 22.18262789049896 0 52
E 34.591302769541976 29.32954494868583 0 56 2
M 32.91731062290179 26.899617025023765 2 100
M 45.027159083132325 19.6530843228303 0 1
E 24.12475186943106 -1.4354985805473923 0 56 2
E 32.75345029780941 -1.9217793256873357 0 23 2
E 35.26210566964774 11.323319082593267 0 45 2
M 24.803145955535012 12.510949648973092 0 1
M 27.56697958859029 12.190519314050725 0 52
E 17.010376001908845 11.40844702147353 3 12 2
M 27.952859128985512 26.267401693693763 3 100
E 30.78114993667388 25.426229577922513 0 56 2
E 21.997654869372234 -6.130726986574075 3 31 2
E 31.498602485288167 11.44931939011195 0 52 2
E -6.835223979280016 26.44567382415341 4 31 2
E 8.304367825775014 36.60876072542165 4 12 2
M 25.817486739052192 30.7935103553287 4 100
E -1.7124872865320881 25.87358973138983 0 56 2
M 12.310332687008536 26.810507723599596 0 52
E 13.863500988852888 19.224028311450887 0 45 2
E 12.820347960022392 22.842268775353357 0 52 2
E 25.89147444163232 27.84370947373133 0 56 2
E 0.49144669575900934 17.5169408496493 0 23 2
M 11.76100848281596 29.538088129276794 0 1
E 26.679641624607246 33.24110958722405 0 56 2
E 14.764989482034286 42.01676415207679 0 45 2
E 29.580985907004326 52.675991730352465 5 12 2
E 9.009260801331646 54.20682448719522 0 23 2
E 16.275853119693185 58.88523678301972 0 56 2
E 17.883788639109206 44.12695943072002 0 52 2
E 15.23692472821756 63.934032602797444 5 31 2
M 29.462205517351585 34.22301467632438 5 100
M 23.924537366324238 47.20357311511292 0 1
M 21.500204762302957 45.83826605227855 0 52
