E 26.043697338511002 27.569283864067508 0 10 2
M 42.40879224808657 29.314154601454327 0 37
E 40.62555256411308 43.633873962935326 0 42 2
E 45.63023814675101 24.638959759230126 0 1 2
E 35.42476759379234 38.189477618875905 0 8 2
M 31.187906834018833 32.44667543948508 1 100
E 39.268861203799794 30.983915842515756 0 53 2
E 44.09898926724452 47.116560613069495 1 18 2
E 33.97103949315857 35.417170012882536 1 47 2
M 29.758357825159692 40.90377457292423 0 45
E 31.291798022389525 3.625870485840281 0 1 2
E 28.026127886387297 23.159297700619184 0 10 2
E 37.93959459337132 18.04507747744396 2 47 2
E 35.36043626800802 11.636598738341743 0 53 2
E 52.19608485872986 12.028135367377779 2 18 2
M 41.85587538523022 23.74702987933939 0 45
M 34.74269101288956 8.13436225791877 0 37
E 41.02544249552217 17.51919005830171 0 8 2
M 34.25445108344816 19.77406062375429 2 100
E 47.810502055752316 14.255360616855466 0 42 2
E 22.644103754939177 8.902485467805565 3 47 2
E 15.752274536856174 9.375081961226106 0 53 2
E 6.876340870184985 10.769135709826779 0 1 2
E 22.090146995541097 -1.6563923098294595 0 42 2
M 12.23055592851721 8.880342020746331 0 37
E 24.44458653833012 19.911133540494962 0 10 2
M 23.149692471525317 12.941550391598536 3 100
E 23.097534541947194 5.805161562526325 0 8 2
M 29.277180061795207 6.939881294369352 0 45
E 21.32714952512682 -6.515579864742809 3 18 2
M 9.405601257712489 13.709236908473002 0 45
M 13.220029963064565 21.391441655375644 4 100
E 9.222415441962733 20.62414539601441 4 47 2
M 5.983392522243132 30.52117521262891 0 37
E 20.248641705241376 22.313643851947255 0 10 2
E 6.1251986236173455 36.19700568229541 0 1 2
E -5.847997299047785 17.112199089799248 4 18 2
E 6.416803177728445 19.235781367526528 0 8 2
E 7.542189065891127 27.324704831014536 0 53 2
E -0.9908561260240247 17.888116906968506 0 42 2
E 14.035452191009835 39.25038939276952 0 8 2
E 30.07642433705713 44.76902836280739 0 1 2
E 21.236946531530204 27.04664104287109 0 10 2
E 22.076238925444883 40.679698626901846 0 53 2
E 16.222846716568196 37.01112164585352 5 47 2
E 8.225773647946582 50.258684794496276 5 18 2
M 9.70298547010239 34.70007734489401 0 45
M 18.187919647943126 33.446271889786445 5 100
E 10.46465451061753 45.879040823070156 0 42 2
M 24.63456828826353 43.149965907251655 0 37
