E 4.205186729745877 13.676341208664553 1 16 2
E 8.139047168019294 20.82097256684981 1 53 2
E 13.23143653632756 17.994482522942945 0 21 2
E 2.0045682002250276 23.42971812368296 0 4 2
E 0.6000403178433402 15.27781617355792 0 33 2
M 15.684403846457105 19.360169842710988 0 55
M 16.502339963731902 14.5272122178362 0 2
E 6.885721952042862 15.988584766284387 0 17 2
M 20.423895778974977 17.264926113951113 1 100
E 14.096906048031784 20.05928093484622 0 22 2
E 19.794813270254124 10.323658791335445 2 16 2
E 9.903093951968216 3.94071906515378 0 22 2
M 3.5761042210250222 6.735073886048886 2 100
M 8.315596153542895 4.639830157289012 0 55
E 21.995431799774973 0.5702818763170413 0 4 2
E 23.39995968215666 8.722183826442079 0 33 2
E 17.11427804795714 8.011415233715613 0 17 2
M 7.497660036268097 9.4727877821638 0 2
E 15.860952831980706 3.179027433150189 2 53 2
E 10.76856346367244 6.005517477057055 0 21 2
