M 9.909642284450303 20.476291068566457 0 35
E 3.695451423507536 23.081857988058726 1 5 2
E 1.3469830517672932 21.683662788806366 0 20 2
E 21.152016890959647 16.942466135900933 0 42 2
E 15.672768650970891 14.449617464357607 0 18 2
M 14.91596892886652 18.88649958848923 1 100
E 18.737682910059657 18.08536569862546 0 9 2
M 16.66552469775399 16.02466600404329 0 29
E 2.183729934606899 12.211627736995636 0 11 2
E 0.12240116418865413 15.340249495929305 1 51 2
E 20.30454857649246 0.9181420119412749 2 5 2
E 23.877598835811344 8.659750504070697 2 51 2
E 5.262317089940342 5.914634301374543 0 9 2
E 8.327231349029109 9.550382535642392 0 18 2
M 9.08403107113348 5.113500411510772 2 100
E 21.816270065393102 11.788372263004364 0 11 2
M 7.334475302246008 7.97533399595671 0 29
E 22.653016948232708 2.3163372111936327 0 20 2
E 2.847983109040352 7.057533864099069 0 42 2
M 14.090357715549697 3.5237089314335406 0 35
