E 18.21733491839222 17.28845199883754 0 34 2
M 4.863844965439151 19.432121137564433 0 2
E 11.637513019421254 12.732247195508089 0 44 2
E 8.88612204309091 15.487016352520087 0 24 2
E 19.073038302763386 22.008633264382258 0 18 2
M 14.835895519335509 16.581923191531963 1 100
E 9.749280540756171 18.261147874576167 0 9 2
E 2.7591605108191306 20.422919423640746 1 22 2
E 13.363802434013667 23.035788126440632 1 0 2
M 1.7912404141722262 14.331362706941906 0 14
E 15.11387795690909 8.512983647479913 0 24 2
E 5.782665081607782 6.711548001162458 0 34 2
E 10.636197565986333 0.9642118735593683 2 0 2
E 14.250719459243829 5.738852125423833 0 9 2
E 21.240839489180868 3.577080576359255 2 22 2
M 22.20875958582777 9.668637293058094 0 14
M 19.13615503456085 4.567878862435569 0 2
E 4.926961697236611 1.9913667356177407 0 18 2
M 9.164104480664491 7.418076808468038 2 100
E 12.362486980578746 11.267752804491911 0 44 2
