E 22.894363373601912 14.103263774767953 0 51 2
M 4.24459316582478 15.983029839810388 0 57
E 8.403308833503688 13.21437801422969 0 38 2
E 11.991251729556087 23.54201804631337 0 41 2
E 17.425779429674833 12.485429503697882 0 35 2
M 15.182395542338796 21.491727965399207 1 100
E 10.771976241354036 18.32519618606782 0 20 2
E 13.718561267533625 19.280469864278082 1 38 2
E 21.594485828862858 20.420193909997018 1 21 2
M 16.13813209670502 17.29656219510112 0 10
E 12.008748270443913 0.4579819536866296 0 41 2
E 1.105636626398089 9.896736225232049 0 51 2
E 2.405514171137142 3.579806090002986 2 21 2
E 13.228023758645964 5.674803813932179 0 20 2
E 10.281438732466377 4.719530135721915 2 38 2
M 7.861867903294977 6.70343780489888 0 10
M 19.755406834175222 8.016970160189612 0 57
E 6.574220570325169 11.514570496302118 0 35 2
M 8.817604457661204 2.508272034600794 2 100
E 15.59669116649631 10.78562198577031 0 38 2
