M 4.918243555737802 17.879063617716366 0 41
E 15.876046221365621 22.057943977233347 1 8 2
E 11.761696647268142 23.028424256807778 0 41 2
E 12.659034876736687 16.825888178210654 0 23 2
E 10.906184102244781 20.854447566749396 0 53 2
M 2.0216846844663365 14.906369342621236 1 100
E 23.40645024409188 12.220690683556793 0 7 2
M 8.393592740879159 15.862198880935091 0 37
E 18.04998034712859 13.157157274930196 0 23 2
E 20.308469177457834 19.472708183267464 1 42 2
E 8.123953778634379 1.9420560227666548 2 8 2
E 3.6915308225421652 4.527291816732538 2 42 2
E 0.5935497559081228 11.779309316443207 0 7 2
E 13.093815897755217 3.145552433250603 0 53 2
M 21.978315315533663 9.093630657378768 2 100
E 5.950019652871414 10.842842725069804 0 23 2
M 15.606407259120843 8.137801119064912 0 37
E 12.238303352731858 0.9715757431922227 0 41 2
E 11.340965123263313 7.174111821789344 0 23 2
M 19.081756444262197 6.120936382283633 0 41
