M 12.380108398257724 16.080606678845783 0 35
E 6.242081385652218 17.286249655710698 1 30 2
E 4.107419554552241 19.690339351878464 0 37 2
E 20.94739482301507 15.261415076392996 0 52 2
E 18.777993735380402 14.339993844670516 0 22 2
M 17.21920331918113 12.336630695848388 1 100
E 9.027325040110297 21.8367067549797 0 16 2
M 8.094016064674303 18.496199944536038 0 4
E 1.6177703378579806 13.353770461208715 0 5 2
E 13.547334685515732 23.041648362760263 1 37 2
E 17.75791861434778 6.713750344289302 2 30 2
E 10.452665314484266 0.9583516372397405 2 37 2
E 14.972674959889702 2.163293245020301 0 16 2
E 5.222006264619599 9.660006155329482 0 22 2
M 6.780796680818869 11.663369304151612 2 100
E 22.38222966214202 10.646229538791285 0 5 2
M 15.905983935325697 5.503800055463963 0 4
E 19.892580445447756 4.309660648121534 0 37 2
E 3.0526051769849274 8.738584923607005 0 52 2
M 11.619891601742276 7.919393321154217 0 35
