M 4.281531239325586 21.79903637151 0 33
E 7.686484307067765 13.114011799193339 1 25 2
E 23.604183431423355 20.15118804092113 0 42 2
E 16.302410293503204 13.962448193839055 0 58 2
E 10.091907723158078 23.60779246842993 0 54 2
M 2.9592710513515557 15.695856980074286 1 100
E 21.130190003410284 12.357885431368512 0 52 2
M 11.500363945841647 22.72118926758835 0 48
E 13.236883781627403 18.669992371880053 0 29 2
E 6.2911956742980015 16.86004298811933 1 36 2
E 16.313515692932235 10.885988200806661 2 25 2
E 17.708804325701998 7.13995701188067 2 36 2
E 2.8698099965897157 11.642114568631488 0 52 2
E 13.908092276841922 0.3922075315700681 0 54 2
M 21.040728948648443 8.304143019925712 2 100
E 10.763116218372598 5.330007628119946 0 29 2
M 12.499636054158353 1.278810732411653 0 48
E 0.395816568576646 3.848811959078868 0 42 2
E 7.697589706496797 10.037551806160947 0 58 2
M 19.718468760674416 2.20096362849 0 33
