M 22.299926798744046 16.725005443632472 0 43
M 2.3667025811488953 18.83890259271289 0 14
E 8.64231564664232 15.952087254940821 0 58 2
E 4.745831527291299 13.907137234024356 0 48 2
M 3.878115409314347 14.656677168932413 1 100
E 12.46577167395738 19.732918766655494 0 3 2
E 13.638279942630636 17.71336761601147 0 48 2
E 7.546298851608229 12.668465279590006 0 51 2
E 20.879447623425385 23.54789238109879 1 42 2
E 15.517885737098656 20.964220141984896 1 35 2
E 15.35768435335768 8.047912745059179 0 58 2
E 16.45370114839177 11.331534720409994 0 51 2
E 11.53422832604262 4.2670812333445065 0 3 2
E 10.361720057369364 6.286632383988527 0 48 2
E 8.482114262901344 3.0357798580151063 2 35 2
E 3.1205523765746137 0.45210761890121065 2 42 2
M 1.7000732012559552 7.2749945563675285 0 43
E 19.2541684727087 10.092862765975644 0 48 2
M 20.121884590685653 9.343322831067587 2 100
M 21.633297418851107 5.1610974072871105 0 14
