M 1.106764038412122 12.679557355157032 0 53
M 16.11411140656147 16.103091490542774 0 0
E 19.110374926566372 20.71507934813274 0 10 2
E 8.641062243098375 14.976522299865783 0 4 2
M 12.052481346010627 17.437431524439432 1 100
E 2.5643026228121855 19.539646419402757 0 52 2
E 23.215566427443406 21.860876827919782 0 1 2
E 21.447985803894323 14.272207510808556 0 37 2
E 17.979013413480295 13.533318255888867 1 12 2
E 5.2942152811723115 22.82933529422865 1 57 2
E 4.8896250734336295 3.2849206518672602 0 10 2
E 2.552014196105678 9.727792489191446 0 37 2
E 21.435697377187815 4.460353580597241 0 52 2
E 0.7844335725565955 2.139123172080218 0 1 2
E 18.70578471882769 1.1706647057713524 2 57 2
E 6.020986586519703 10.466681744111131 2 12 2
M 22.89323596158788 11.320442644842968 0 53
E 15.358937756901625 9.023477700134219 0 4 2
M 11.947518653989373 6.56256847556057 2 100
M 7.885888593438532 7.896908509457226 0 0
