E 6.327303838709407 22.19814070543231 1 47 2
E 7.129508980286635 19.180396783874123 1 43 2
E 13.227148095675238 14.351429271668632 0 34 2
E 22.75949398638853 22.90629038702583 0 45 2
E 16.850058841558486 12.858399228106142 0 14 2
M 12.197072279845823 17.61565864479845 0 19
M 10.940099643709607 15.973593652498641 0 47
E 19.101857144774495 18.383568915466427 0 49 2
M 2.1806023745538403 21.356247576859808 1 100
E 8.650003572586863 15.196141639268864 0 44 2
E 17.672696161290595 1.8018592945676901 2 47 2
E 15.349996427413137 8.803858360731137 0 44 2
M 21.819397625446157 2.643752423140191 2 100
M 11.802927720154177 6.384341355201549 0 19
E 1.2405060136114685 1.0937096129741704 0 45 2
E 7.149941158441514 11.141600771893858 0 14 2
E 4.898142855225503 5.616431084533575 0 49 2
M 13.059900356290393 8.026406347501359 0 47
E 16.870491019713363 4.819603216125879 2 43 2
E 10.77285190432476 9.648570728331368 0 34 2
