M 10.346560228191972 15.276560874118015 0 12
E 21.792166481073252 22.54640886242866 1 49 2
E 20.149758227189814 16.497501230064945 0 45 2
E 13.80717124391526 23.249120620024307 0 8 2
E 23.278745609543375 12.529223100036806 0 51 2
M 14.960478977316546 17.43103048885084 1 100
E 17.42051412321918 13.32169664592909 0 39 2
M 4.965739916452853 18.663356180258802 0 31
E 2.165859265518423 20.517387950405602 0 17 2
E 5.831981457420754 19.40852566724008 1 10 2
E 2.2078335189267464 1.453591137571341 2 49 2
E 18.168018542579247 4.591474332759921 2 10 2
E 6.5794858767808195 10.67830335407091 0 39 2
E 0.721254390456626 11.470776899963194 0 51 2
M 9.039521022683454 6.568969511149159 2 100
E 21.83414073448158 3.482612049594399 0 17 2
M 19.034260083547146 5.336643819741198 0 31
E 3.8502417728101848 7.502498769935056 0 45 2
E 10.19282875608474 0.7508793799756965 0 8 2
M 13.653439771808028 8.723439125881985 0 12
