E 5.148421266887915 23.36640966096521 0 0 2
E 19.284952237211527 22.34146188657273 0 27 2
M 16.403258230588076 20.974795814361975 1 100
E 12.636316027985135 17.465883887961468 1 54 2
E 8.722255750624607 13.756925190994053 0 35 2
E 15.274250979017676 20.098209557018418 0 34 2
E 2.9169542347620485 19.239399458609153 0 32 2
E 1.7253480433763315 12.971830302625175 1 6 2
M 20.24727854907394 16.590757313857353 0 49
M 21.05104325019291 15.339325310409418 0 29
E 15.277744249375393 10.243074809005948 0 35 2
E 4.715047762788473 1.6585381134272716 0 27 2
M 2.9489567498070897 8.66067468959058 0 29
E 22.274651956623668 11.028169697374823 2 6 2
M 3.7527214509260616 7.409242686142645 0 49
E 18.851578733112085 0.6335903390347888 0 0 2
M 7.596741769411923 3.0252041856380227 2 100
E 8.725749020982324 3.9017904429815844 0 34 2
E 21.083045765237948 4.760600541390848 0 32 2
E 11.363683972014865 6.534116112038534 2 54 2
