E 15.056911200732639 15.072417221695085 0 55 2
M 13.285599840866604 14.208053919688501 0 11
E 10.094158643839389 19.499824421652885 0 37 2
E 7.738063605662059 21.346698129798803 0 4 2
E 19.909277921809917 12.056840550262189 0 48 2
M 15.911685295183279 23.167707357455075 1 100
E 23.066755388244495 16.78585464265783 0 31 2
E 18.900771360460233 17.772220459139685 1 18 2
E 14.316700954921819 22.34017696180033 1 39 2
M 20.94523385097383 20.51158063392503 0 35
E 22.225446219079235 11.01759612191071 0 4 2
E 13.132335764646431 7.8164286322048 0 55 2
E 19.796505451084776 4.8235896391658715 2 39 2
E 10.611294005239134 0.022981374983032765 0 31 2
E 13.548503873629134 3.137646466563496 2 18 2
M 14.898628129851819 -0.002590074698347422 0 35
M 13.269430866942745 9.782610918864037 0 11
E 8.094586399587186 5.121944118990127 0 48 2
M 19.715675625994844 3.028527484033713 2 100
E 19.44795915115464 9.900594819191635 0 37 2
E 1.886793593993405 8.836233399033791 3 39 2
E 2.3219506065163698 19.191163982359132 0 31 2
E 6.036490175258709 3.635705748290485 0 4 2
E 6.457882205005973 6.599580759155477 0 37 2
M 9.444969292190653 12.00933516144746 0 11
E 7.810753034620928 13.111154146100114 0 55 2
M 0.3726390788218822 9.803765158511206 3 100
E 7.996135678602897 18.82121533074768 0 48 2
M 0.15613801917435594 15.49100944077332 0 35
E 3.550724765910637 15.090133074296812 3 18 2
