M 21.27905393040158 12.423198759679403 0 53
M 16.80337226229836 21.310084591715235 0 23
E 9.281711925592786 22.331542231479812 0 29 2
E 19.21166377892264 20.240664460928503 0 47 2
M 22.79594936631043 18.66618781336586 1 100
E 10.696843707048917 19.456718212852934 0 44 2
E 18.44255515720015 16.179445621511835 0 15 2
E 11.537014842630573 23.070734005426004 0 54 2
E 13.429859594343942 14.305490446615726 1 22 2
E 15.012258317870423 17.50372850530308 1 13 2
E 22.30652206993689 9.18833541150103 0 29 2
E 21.819029465923883 6.865589905144061 0 54 2
E 19.109285547668286 9.400207348370728 0 44 2
E 12.398228503364816 4.330860757826307 0 15 2
E 15.260239542189817 6.639443521311695 2 13 2
E 13.281683497779579 9.608960044145372 2 22 2
M 7.726973911531639 3.7525041933466836 0 53
E 15.530792877766364 1.6341837334366587 0 47 2
M 12.37511330961786 -0.6826603158782725 2 100
M 17.661083636658287 3.1851153011584747 0 23
E 2.6439556914455467 6.063676089429932 0 54 2
E 6.193870745282801 7.143074438776336 0 44 2
E 4.411766004470326 4.480122357019159 0 29 2
M 1.5355441010433524 11.50480010712629 0 23
M 6.993972158066777 19.82429704697391 0 53
E 5.727502139939765 11.856827973385222 3 13 2
M 0.8289373240717112 18.01647250251241 3 100
E 1.257543343310998 14.125151805634832 0 47 2
E 9.288456907876476 12.0855495092389 3 22 2
E 5.159216339435032 15.489693620661857 0 15 2
