M 34.711462857928225 29.099008562163068 0 3
E 31.229471573857108 20.42872475144892 1 41 2
E 8.352145068766927 35.127932560981364 0 53 2
E 14.138244892037667 24.86413924045511 0 6 2
E 23.251930228870272 27.850356698702722 0 30 2
M 17.982603557270473 31.183114435531213 1 100
E 32.64569354451926 26.822522595107095 0 31 2
M 24.314274261616546 22.151938206624266 0 19
E 26.572395272541268 32.368685448407135 0 8 2
E 27.83320851383138 34.10177992094374 1 56 2
E 13.488601546626265 5.328579162671186 2 41 2
E 27.027946200767776 1.4333016658407332 2 56 2
E 18.317681920565335 0.9051960368510155 0 31 2
E 23.90469402297964 8.526516653543561 0 30 2
M 29.425610223532146 11.42350854357365 2 100
E 26.15744898103775 3.39174519849407 0 8 2
M 18.438546831071545 10.455708979665712 0 19
E 37.65715217773305 17.79132118198413 0 53 2
E 25.87539651132891 17.91230840646215 0 6 2
M 19.256291942690105 -2.022055650447469 0 3
E 3.036624534915407 26.27228136804188 0 31 2
E 6.843375748150083 17.623126647753715 0 30 2
E 9.281926879516629 28.242696085879892 3 41 2
M 0.03224519938167418 26.9230470882844 0 3
E -0.8611547145991579 18.46491841321553 3 56 2
E 1.2701557464209858 18.239569353098787 0 8 2
E 13.986358596633426 11.223552353082747 0 6 2
E 7.990702753500022 1.0807462570344994 0 53 2
M 11.247178907311907 21.392352813710023 0 19
M 6.591786219197388 11.393377020895135 3 100
