E 7.019456813088794 18.12742941492808 1 24 2
E 3.634024016874099 13.92601754462441 1 44 2
E 14.835006091186546 16.648726999746334 0 20 2
E 7.879938316944168 19.976430206986482 0 10 2
E 12.225998953672498 21.462545157079106 0 15 2
M 18.268303072537933 19.178662134806736 0 32
M 10.171726097212474 22.17083722773185 0 3
E 15.587885140181706 15.065201686088042 0 42 2
M 23.46059186735199 15.795683524538811 1 100
E 19.754658961077485 12.678869385194977 0 58 2
E 16.980543186911206 5.872570585071918 2 24 2
E 4.245341038922514 11.321130614805023 0 58 2
M 0.5394081326480105 8.204316475461187 2 100
M 5.7316969274620675 4.821337865193262 0 32
E 16.12006168305583 4.023569793013517 0 10 2
E 11.774001046327502 2.5374548429208934 0 15 2
E 8.412114859818294 8.934798313911958 0 42 2
M 13.828273902787526 1.8291627722681496 0 3
E 20.3659759831259 10.07398245537559 2 44 2
E 9.164993908813454 7.351273000253667 0 20 2
