E 34.25202654361007 24.0951166013645 1 54 2
E 18.16609355409789 20.931404335088235 1 11 2
E 30.407545960498318 21.958005029260256 0 53 2
E 19.958438504676746 26.713466405575332 0 33 2
E 23.211379566767896 28.632682585670597 0 26 2
M 24.94443749815901 19.433195801879027 0 11
M 21.532315566984227 30.40717948347133 0 8
E 28.01897006780676 32.137139925472596 0 32 2
M 16.055219541795942 33.32766914558259 1 100
E 14.983374551678864 34.67297055212779 0 5 2
E 15.152512544004892 0.8777738495724279 2 54 2
E 33.94752877885308 12.275988995884836 0 5 2
M 32.24654108997947 12.020394708796964 2 100
M 15.76896522394494 11.26934281066153 0 11
E 24.566864009912145 11.947209300412663 0 33 2
E 24.602483446183204 8.170471613580563 0 26 2
E 25.23363727841114 2.2547474387871485 0 32 2
M 26.978774838507157 8.737335243072764 0 8
E 20.455623845901293 16.390456595202263 2 11 2
E 15.223959923396796 5.275747484955337 0 53 2
M 13.286597277896044 23.297461387459443 0 11
E 9.474697485411108 15.339324294012002 0 33 2
E 4.595460912385034 29.027109549063074 3 54 2
M 5.698239368224587 8.651936145620445 3 100
E 0.7473926537821015 19.608112635740248 0 32 2
E 8.368494116104886 26.766247485784408 0 53 2
E 15.37828260000081 16.6781390697095 3 11 2
M 5.488909594508623 14.855485273455901 0 8
E 6.1861369870489025 17.196845800748832 0 26 2
E 5.069096669468053 7.051040451987374 0 5 2
