E 26.273283915265807 27.929197616950205 1 16 2
E 27.786516115072338 34.25526006690585 1 33 2
E 30.943434645536172 32.950761676624445 0 44 2
E 32.10597658516748 24.332836267224426 0 7 2
E 11.971458116189924 29.20274783430454 0 8 2
M 15.029572480553288 30.752821130631368 0 39
M 19.188511455149737 20.65930181184394 0 37
E 33.27877139638285 25.434367155376428 0 19 2
M 22.899940573840812 18.66834065353219 1 100
E 29.079837854445753 31.84210999665736 0 58 2
E 22.46229541784189 5.870527148183527 2 16 2
E 24.447699971860928 1.4835239499088275 0 58 2
M 16.128829697420368 13.42235665925366 2 100
M 30.529480828769106 14.196055126625566 0 39
E 16.43140879284003 2.6174477984442803 0 7 2
E 30.71613515860388 17.619496502005752 0 8 2
E 16.798965119425212 1.051012254429191 0 19 2
M 19.708767197811966 15.641067981229554 0 37
E 27.184210105527036 1.3969983963486357 2 33 2
E 24.476022095115518 -0.6847240535701736 0 44 2
M 8.44094669067761 9.051123742743064 0 39
E 5.462614621992484 27.049715934331296 0 7 2
E 5.2644206668923035 20.20027523486626 3 16 2
M 14.97122972873882 21.909302687214144 3 100
E 3.9222634841919257 27.51462059019438 0 19 2
E -1.419456740651685 21.733962376945723 0 44 2
E -0.9707262205993761 18.347741536745506 3 33 2
M 15.102721347038297 17.69963020692651 0 37
E 11.312406725206205 7.177755663689702 0 8 2
E 0.4724621736933134 20.674366053433808 0 58 2
