E 27.014835900932024 25.8095927591964 1 9 2
E 28.560970560768226 18.372533080171813 1 46 2
E 31.434332702726 28.923888608081647 0 10 2
E 21.164249924655156 35.38114218091728 0 5 2
E 25.225161699442957 27.789786819228805 0 51 2
M 16.72597974101676 24.317929080913892 0 39
M 20.08208016964227 22.14675374791559 0 9
E 23.7179587019732 31.86150050002676 0 29 2
M 34.20316173990201 20.496812133378366 1 100
E 14.711701785706623 30.726388472162995 0 14 2
E 20.255887772209082 6.288126719246691 2 9 2
E 30.665524822469273 14.484555552715573 0 14 2
M 12.060721866031887 2.719244244927611 2 100
M 24.108497212871523 15.944369368758569 0 39
E 31.47038571313605 6.569108090867 0 5 2
E 22.865623233364726 6.84793301221765 0 51 2
E 27.145432216607283 6.117352256287536 0 29 2
M 20.5501540041121 14.123488806416182 0 9
E 13.042137830794744 8.667664665669218 2 46 2
E 20.74319869134714 0.903582292506405 0 10 2
M 13.165523046111721 13.737701550327534 0 39
E 1.365364362208794 12.049749728215712 0 5 2
E 6.729276326858896 21.902280521556904 3 9 2
M 7.7361163940661015 30.783943621694014 3 100
E 3.136609081419522 16.021147243685693 0 29 2
E 1.822468605926859 24.172529099411943 0 10 2
E 12.396891608437024 26.959802254158962 3 46 2
M 13.367765826245627 17.729757445668223 0 9
E 5.909215067192319 19.36228016855354 0 51 2
E 8.622773391824106 8.789055975121425 0 14 2
