M 7.606488231732458 13.762423159084591 0 46
E 16.254549510974606 21.56805694501719 1 34 2
E 10.307238527347804 16.75566298057177 0 1 2
E 10.989502578552866 12.116034047775297 0 56 2
E 14.596320291752573 14.441589588348899 0 55 2
M 0.8725497460667384 15.838542070474507 1 100
E 13.597644125522226 20.268647692122972 0 12 2
M 2.6628944682259483 17.55681970919667 0 24
E 6.050752733143833 22.421326427388408 0 54 2
E 20.571229411531164 23.31532557916692 1 43 2
E 7.745450489025393 2.4319430549828085 2 34 2
E 3.428770588468835 0.6846744208330791 2 43 2
E 10.402355874477774 3.7313523078770303 0 12 2
E 9.403679708247427 9.5584104116511 0 55 2
M 23.12745025393326 8.161457929525493 2 100
E 17.94924726685617 1.5786735726115935 0 54 2
M 21.33710553177405 6.443180290803329 0 24
E 13.692761472652194 7.2443370194282295 0 1 2
E 13.010497421447132 11.883965952224703 0 56 2
M 16.39351176826754 10.237576840915409 0 46
