E 23.163867367831227 13.6481150628783 0 24 2
M 11.441153368397352 21.17222036471437 0 45
E 19.431582832713055 14.485590557992822 0 3 2
E 17.666792231047225 18.389204350974573 0 34 2
E 15.583583505066908 17.48346848224319 0 21 2
M 10.44239362547338 19.59228219520923 1 100
E 13.979807465711602 12.065075238771888 0 34 2
E 6.537218358477725 23.10852904825548 1 51 2
E 21.30120157403833 15.778583618896045 1 10 2
M 12.796586888460634 12.930428865510766 0 53
E 14.69981716239044 3.897811794457521 0 34 2
E 7.845375828896783 1.5077497235388904 0 24 2
E 10.62174861726855 2.0556313417149736 2 10 2
E 11.066453077077995 10.25289882070572 0 34 2
E 24.351659175227756 11.17664315275781 2 51 2
M 12.407481589716339 10.844921085516107 0 53
M 20.222799160752942 7.897865197430074 0 45
E 14.957031253940448 6.154791406907582 0 21 2
M 19.353912441014785 9.552785591832018 2 100
E 10.436793150271996 4.321265197545761 0 3 2
E 4.0770498086931175 18.16578503938898 3 10 2
E 10.953739457210405 13.68202594052239 0 34 2
E 3.6333906065623354 13.7129838545679 0 34 2
E 6.131624017014946 17.193144244461415 0 3 2
M 4.336047470849712 6.929914437855553 0 45
E 4.990756803271984 20.84413521358281 0 24 2
M 6.203693933511835 6.854932212958751 3 100
E 5.459385240992642 12.361740110849222 0 21 2
M 10.795931521823025 12.224650048973128 0 53
E 5.111122466294525 1.7148277989867098 3 51 2
