E 11.58294518545707 13.307413880332959 0 15 2
M 9.264105922941948 22.28502842825947 0 47
E 20.383849073026763 19.97072866766135 0 41 2
E 17.28382502617017 17.925083481298895 0 24 2
E 14.560518671478548 16.661411396582906 0 27 2
M 19.034724630397104 14.482756539643002 1 100
E 16.128947937050448 12.042291536672547 0 17 2
E 12.913054082539526 18.98794020743614 1 3 2
E 6.779443754389993 22.999979924874726 1 37 2
M 13.790569719267236 15.67637630963496 0 33
E 14.4893603012633 4.46153155753521 0 24 2
E 13.340781040900193 11.707473123998303 0 15 2
E 24.136540178865353 11.02114436814642 2 37 2
E 9.972151576598282 8.403080427274684 0 17 2
E 17.595206698496632 7.7153018657736085 2 3 2
M 14.288550418381543 8.611132981049924 0 33
M 22.27504293604686 9.226839558665922 0 47
E 14.756641351191822 7.451820085343743 0 27 2
M 10.632767919544236 4.666371491626509 2 100
E 14.710928976354243 0.7540093874335299 0 41 2
E 5.084016066744657 1.9788757069788545 3 37 2
E 9.898900486351266 15.554628036052767 0 17 2
E 4.2268146725665305 13.613384961165888 0 24 2
E 0.9052219506189928 15.275261944905116 0 41 2
M 4.460851141011195 4.48813201307461 0 47
E 11.076273773642734 10.985112995668738 0 15 2
M 6.332507450058657 16.850871968730484 3 100
E 6.68283997732963 11.886768518073348 0 27 2
M 7.920879862351219 11.712490709315116 0 33
E 5.491739218963842 9.29675792679025 3 3 2
