E 15.882388685592678 12.602874512878653 0 48 2
M 20.643300206801428 13.4574982612881 0 4
E 9.203532351130985 23.399464373382976 0 47 2
E 22.632030812101746 19.373823890540393 0 30 2
E 8.277391055505285 21.409038652457546 0 5 2
M 13.52217439344933 16.417066659069018 1 100
E 7.023535667556439 20.706200152829908 0 36 2
E 19.459752033229915 17.42033927147498 1 15 2
E 10.37757522057951 18.599363594330608 1 59 2
M 14.318833647386956 22.098027709477215 0 58
E 13.069903406189715 -0.8945207223692059 0 30 2
E 10.580910300650746 8.336315514472137 0 48 2
E 18.526428911210736 10.105379277542207 2 59 2
E 22.028022669004443 11.95664445650834 0 36 2
E 12.964275489612811 2.829495597552785 2 15 2
M 19.58573170083298 4.942817299474163 0 58
M 8.940580416846434 3.7859333177306227 0 4
E 22.009770970465294 10.519354588058828 0 5 2
M 15.064204740238363 8.4732249767482 2 100
E 23.27045956131982 8.722079838090423 0 47 2
E 7.095995868209758 7.295257128127186 3 59 2
E 6.9484416634391195 3.3371553906617506 0 36 2
E 0.2980657817085387 17.520696831828808 0 30 2
E 3.526008087549195 3.8784557885265976 0 47 2
M 6.41611937635214 18.756568420981274 0 4
E 9.536701013756574 15.060809972649206 0 48 2
M 7.413620866312305 11.109708364182778 3 100
E 5.712837974029421 4.071606759483624 0 5 2
M 2.095434651780066 8.959154991048619 0 58
E 3.575972477157271 15.750165130972235 3 15 2
