M 12.550305291232219 29.2692090904299 0 28
E 24.903589749805125 34.5685750167343 1 59 2
E 29.550857821295335 24.123966315222738 0 58 2
E 23.353902459806193 18.076662313525222 0 55 2
E 26.488526133680033 32.88407548186442 0 45 2
M 17.96581606186077 20.392832313041076 1 100
E 32.77416381396638 22.870620099493635 0 27 2
M 19.45369597551187 31.793966248579114 0 29
E 21.7018702580259 26.100310008492336 0 51 2
E 14.389598537245467 28.099045692512355 1 51 2
E 28.89701199409752 3.73702839099576 2 59 2
E 28.551230855072777 16.077176538349747 2 51 2
E 14.830998831361388 2.7698887676854964 0 27 2
E 26.64572441229969 3.2066829866127846 0 45 2
M 20.089345539159464 16.833188002309434 2 100
E 23.164139116870757 10.74393131078935 0 51 2
M 29.21907720245871 9.844079231537966 0 29
E 17.528081490255403 4.934680533644695 0 58 2
E 15.389440281122637 13.32505330366123 0 55 2
M 30.484268707254706 17.08496951544759 0 28
E 6.39483735467222 28.359491132820864 0 27 2
E 0.8657494540202844 17.909241531522788 0 45 2
E 0.19939825609735706 15.694396592269934 3 59 2
M 10.965426001513078 7.6458213941225095 0 28
E 11.05917060768176 9.823777769137894 3 51 2
E 9.133990625103346 17.15575868071831 0 51 2
E 15.25665725907117 22.598284382813542 0 55 2
E 6.921060688449255 24.941353151132567 0 58 2
M 5.327226822029422 12.361954519882918 0 29
M 15.944838398979766 16.773979684649493 3 100
