E 15.63619330169993 14.137279223316474 0 51 2
M 11.608930093884974 13.245352246977111 0 7
E 19.998359504083002 12.208659086978235 0 11 2
E 13.781919519075284 22.16700019885605 0 5 2
E 17.2424457769128 23.315866421533773 0 34 2
M 14.644056487942937 21.41050105586028 1 100
E 12.912659814702716 15.665310514671551 0 3 2
E 21.0850892757785 20.287248100483247 1 23 2
E 10.013166847888417 19.233067730104366 1 7 2
M 23.100453165662447 16.737066223713015 0 7
E 19.913920692953138 5.373312329553431 0 5 2
E 12.032841451522776 7.78232461599881 0 51 2
E 19.25743697761962 10.104114117757561 2 7 2
E 14.71792211111242 9.376958158118473 0 3 2
E 14.634422744593575 -0.011542158715369056 2 23 2
M 10.552193106313467 0.018192453160420997 0 7
M 13.274041635599724 11.716000349862652 0 7
E 19.178604898423156 1.801975568464183 0 34 2
M 18.82770473274382 5.0049293844702145 2 100
E 8.18152431801212 4.968887937374296 0 11 2
E 6.729396174491965 6.662818152138071 3 7 2
E 8.369418074184862 10.957731327209972 0 3 2
E 2.3041597879715794 8.459687471590517 0 5 2
E 7.8201161779048745 18.82245297564747 0 11 2
M 11.117028270515302 11.038647403160237 0 7
E 8.330965246777293 14.080396160684714 0 51 2
M 2.528238779313244 9.5845695596695 3 100
E -0.42105067533595814 10.88215801000204 0 34 2
M 2.347353728024083 19.24474132312656 0 7
E 0.28048797962792377 15.724294058232118 3 23 2
