E 22.449756870475913 23.56714000938144 0 16 2
M 10.28867340819026 20.1338776314829 0 54
E 11.333401417783584 16.872822862929187 0 7 2
E 18.296803258483955 18.910199178448764 0 11 2
E 19.711937911075232 15.25506163221686 0 2 2
M 15.323573941113704 18.225676397836335 1 100
E 20.536657977005074 12.927546879687066 0 25 2
E 14.18556961692487 20.866005898317706 1 25 2
E 16.664110309622142 16.14720608472573 1 3 2
M 12.960390005429513 21.56591850893285 0 36
E 14.836006404505008 3.091708826295882 0 11 2
E 16.79255866201774 -2.8333249178938344 0 16 2
E 13.259530669290815 5.887158943451455 2 3 2
E 8.534950172507454 4.143263888650999 0 25 2
E 18.585401529583375 5.674238240844787 2 25 2
M 19.804133436552853 6.385318603290942 0 36
M 19.89980795604306 9.415113486937628 0 54
E 10.962997108846222 3.693735040492121 0 2 2
M 15.729806945710612 6.0088623367214 2 100
E 16.553287678546504 10.140879874861515 0 7 2
E 6.076359021087045 13.965634971822812 3 3 2
E 6.928391850487472 18.92918923166193 0 25 2
E 2.867190337011035 13.99809199525535 0 11 2
E 8.113310903669916 8.9862972622093 0 7 2
M 5.8115186357666815 6.4510088815794715 0 54
E -3.242315532493656 15.26618490851239 0 16 2
M 4.946619113175684 11.76546126544226 3 100
E 5.325064980078542 17.051203327291017 0 2 2
M 3.2354765580176363 8.048762887776203 0 36
E 3.2290288534917577 9.459755860837502 3 25 2
