E 14.343932970259866 35.25729341458535 1 1 2
E 17.382707276165778 32.28558563279791 1 26 2
E 16.293355714872312 24.33037450352016 0 2 2
E 12.004168831523826 31.24948129790979 0 11 2
E 33.44130349349408 29.733009691292313 0 55 2
M 28.691149345102748 19.83587749116772 0 8
M 22.30094948289867 28.6154257496054 0 46
E 26.27825084824558 21.86927111857478 0 8 2
M 24.05467127981981 27.47715460670458 1 100
E 20.458353919774027 25.830899967994366 0 29 2
E 34.773288012462885 12.537600218401003 2 1 2
E 23.552581346890854 11.955553069985461 0 29 2
M 23.180121005088985 8.017923556759717 2 100
M 14.244341873035916 7.8232543259037985 0 8
E 32.47230297519478 16.56780145974801 0 11 2
E 20.44043270876112 -1.2390659385574287 0 55 2
E 17.2117616586924 8.896188907231863 0 8 2
M 25.04275362969641 8.96755561261351 0 46
E 30.6803264278581 11.391798364012777 2 26 2
E 24.335587278081604 16.312810054384034 0 2 2
M 11.064508781861335 26.340868182928478 0 8
E 9.523528193281399 6.182717242342202 0 11 2
E 4.8827790172772625 6.205106367013646 3 1 2
M 6.765207715091208 18.5049218365357 3 100
E 10.50998749306202 23.23453997419336 0 8 2
E 13.371057007046085 13.356815442095805 0 2 2
E 5.936966295976132 10.322616003189314 3 26 2
M 6.656296887404922 16.41701863778109 0 46
E 0.1182637977447996 25.506056247265107 0 55 2
E 9.989064733335121 16.213546962020175 0 29 2
