M 15.703938359455773 16.62344006387773 0 1
M 10.552004876359186 21.375881662353926 0 15
E 12.4118083698313 19.181983355557684 0 54 2
E 9.225957492426144 22.099061481145267 0 12 2
M 14.086833477121186 20.364213099465616 1 100
E 20.101417774798726 23.023154579577646 0 57 2
E 18.917175081139778 13.352703072164303 0 29 2
E 23.45430801486308 15.715519717264877 0 42 2
E 20.788344928702305 14.370818485911778 1 11 2
E 21.520463906714664 12.169781971498868 1 2 2
E 18.013875850554307 8.052371812456197 0 54 2
E 9.490580455981819 0.22251841772443157 0 42 2
E 17.495623008357654 -0.5276108894353151 0 57 2
E 9.712887683701657 5.333199121226116 0 29 2
E 7.386803547065296 3.670145415222824 2 2 2
E 9.65901657221021 3.2036607915677733 2 11 2
M 14.152047368464977 6.480575254720778 0 1
E 22.13306505083963 9.352860542164212 0 12 2
M 18.200204288243206 6.010642645612433 2 100
M 20.843749264295585 8.566059730451972 0 15
E 3.0551115291550963 20.06196186501069 0 42 2
E -1.5970407831563798 13.504456309857664 0 57 2
E 5.574315779614392 8.765644831986119 0 54 2
M 4.604245859345232 6.058058607194098 0 15
M 6.144014272079248 12.89598468140149 0 1
E 7.092732546220037 20.160072613278306 3 2 2
M 3.7129622346356057 9.625144254921947 3 100
E 4.6409774567342295 4.548077976690518 0 12 2
E 5.552638499087486 18.425520722520446 3 11 2
E 7.369937235158565 17.314097806609578 0 29 2
