M 9.19538648770579 16.530143412376344 0 30
E 3.876382402109215 22.21834814994473 1 8 2
E 15.828026607549651 15.828864021135308 0 20 2
E 7.104617044681097 12.609614894046263 0 48 2
E 21.787738902963447 21.081349765682337 0 46 2
M 5.752323425015564 19.15262781156001 1 100
E 18.657694535162612 14.093458387730857 0 40 2
M 3.1747615592571323 15.12278133346263 0 54
E 10.159896179065877 23.04413306927117 0 53 2
E 2.365963136311449 18.32397022057281 1 30 2
E 20.123617597890785 1.7816518500552712 2 8 2
E 21.634036863688554 5.676029779427191 2 30 2
E 5.3423054648373896 9.906541612269145 0 40 2
E 2.212261097036553 2.918650234317662 0 46 2
M 18.24767657498444 4.847372188439991 2 100
E 13.840103820934123 0.9558669307288333 0 53 2
M 20.82523844074287 8.87721866653737 0 54
E 8.17197339245035 8.171135978864692 0 20 2
E 16.8953829553189 11.390385105953737 0 48 2
M 14.80461351229421 7.469856587623657 0 30
