E 15.432711691437529 14.29783732724066 0 57 2
M 16.841600039754056 21.261720761837076 0 4
E 23.000225580084255 12.144303714328299 0 16 2
E 17.94965959184415 23.471235178232373 0 30 2
E 14.66994509716763 17.278818688607362 0 53 2
M 19.719086262949283 13.345393702631023 1 100
E 10.104627952279237 22.40418160077989 0 54 2
E 8.425273343668172 18.553355764377987 1 17 2
E 12.690876497246194 15.976022096414303 1 30 2
M 22.256882203629274 19.836366004838897 0 17
E 18.959551281212875 1.1118260604770263 0 30 2
E 12.273629653435785 7.878265807726919 0 57 2
E 15.097897892879951 9.413672354300036 2 30 2
E 21.957971595722412 8.43934954255917 0 54 2
E 19.46273590015444 11.819126213779777 2 17 2
M 13.658050931728615 -0.8009035543869153 0 17
M 17.600085442631645 3.1761909896907046 0 4
E 15.236618537722217 7.048350374839441 0 53 2
M 9.305601993095433 4.642378350966924 2 100
E 6.624857892426634 2.4013733431234705 0 16 2
E 8.211225609873855 10.610305549285659 3 30 2
E 3.9374004519983523 5.156468856660939 0 54 2
E -0.909210873057026 11.416938761290595 0 30 2
E 6.374916527489106 21.454322942548227 0 16 2
M 1.558314517614302 11.562088248472218 0 4
E 8.293658655126684 13.823896865032419 0 57 2
M 6.975311743955284 18.012227946402053 3 100
E 6.093436365110153 11.672830936553193 0 53 2
M 0.08506686464210418 16.964537549548012 0 17
E 8.111990756177393 5.627518021842239 3 17 2
