M 24.65256911531994 20.069319931016842 0 58
E 19.35455821307042 21.21444711726094 1 2 2
E 21.638819367787328 24.819437024009346 0 31 2
E 29.61190529003195 27.963786373662156 0 60 2
E 23.444004907277282 26.85434727202179 0 26 2
M 34.041534850626626 29.904500341446514 1 100
E 18.09677558815019 18.159666346896024 0 59 2
M 16.65599032412961 23.493605836967085 0 22
E 26.93548177054807 34.37079080252494 0 45 2
E 14.76864996556993 32.61791483392442 1 35 2
E 20.10651375613442 15.219694617945695 2 2 2
E 32.27516061375097 13.489473801373952 2 35 2
E 18.08988731846632 17.836356708747743 0 59 2
E 22.946087217861674 8.858179815959831 0 26 2
M 20.288832289739897 -1.8446268670593304 2 100
E 27.709779829753206 2.076250390390155 0 45 2
M 23.429607051127164 16.417143603752308 0 22
E 22.086396018406585 11.438971475708673 0 31 2
E 20.822939472456685 2.9619018456623434 0 60 2
M 16.46579907115808 11.20404618019274 0 58
E 17.81333709338349 18.003976944356232 0 59 2
E 7.609907874861042 18.287472912018377 0 26 2
E 14.538928030795166 17.565858264793366 3 2 2
M 12.881631813521981 22.726633888790413 0 58
E 6.956189420679107 7.892611364701622 3 35 2
E -0.6452616003012693 17.552958807084902 0 45 2
E 3.5651552375113615 23.074311780675494 0 60 2
E 10.27478461380609 17.741591500281977 0 31 2
M 13.914402624743232 14.08925055928061 0 22
M -0.33036714036652803 25.940126525612804 3 100
