M 34.83023486360006 34.86474255385691 0 18
E 19.926182897429346 28.59737147729902 1 11 2
E 29.140504147029286 18.84530503318773 0 56 2
E 13.5966142349839 33.59331765965386 0 54 2
E 22.431862672550103 20.860218433990617 0 5 2
M 25.64003588954546 25.659126599938183 1 100
E 27.58111544586083 30.05107637381014 0 54 2
M 12.382356288438036 31.477649771938037 0 48
E 31.16069483902613 23.104027126594794 0 59 2
E 17.031198268496386 21.887124791869933 1 57 2
E 26.2145014639669 11.033190939841564 2 11 2
E 21.85074968319147 16.895444514777516 2 57 2
E 23.645980559735616 3.6769724403879827 0 54 2
E 18.261090487933366 12.731785122492308 0 5 2
M 20.81298026157487 7.5539715338596976 2 100
E 15.83986973372292 4.050490374651213 0 59 2
M 32.48080894158886 16.12619727765355 0 48
E 13.161803559172782 7.929387881112881 0 56 2
E 33.7059021050488 14.016785105339787 0 54 2
M 24.19017804812451 -5.007782220464631 0 18
E 2.77290399440355 20.271951185801875 0 54 2
E 13.307046839516527 20.407996443517078 0 5 2
E 7.8593156386037535 14.369437582859415 3 11 2
M -5.02041291172457 24.143039666607716 0 18
E 15.118052048312148 15.217430693352549 3 57 2
E 6.999435427250941 26.845482498753984 0 59 2
E 6.6974836599672996 6.389897235006347 0 54 2
E 11.697692293797925 27.225307085699388 0 56 2
M 9.136834769973104 6.396152950408416 0 48
M 7.546983848879668 20.786901866202108 3 100
