M 17.734102859567297 20.742060544968723 0 50
M 9.468139588037433 16.90883279737785 0 45
E 10.720768046901282 22.06385583978954 0 14 2
E 16.734544644288672 17.644254123956937 0 44 2
M 15.522125058840818 12.924232249141237 1 100
E 21.596322917390903 18.774370597053945 0 48 2
E 23.444881131996894 14.10589892568358 0 28 2
E 20.0213252403128 15.520618296698284 0 17 2
E 12.993728185584956 23.282779485793217 1 9 2
E 14.655999164313153 12.153469429470386 1 49 2
E 21.35517079383148 8.075919448821503 0 14 2
E 11.038282261812617 3.2930194215226516 0 17 2
E 13.06861557300362 0.30215527209370874 0 48 2
E 8.10132140144589 1.0354927335556965 0 28 2
E 10.804908842469084 9.62310253653938 2 49 2
E 21.274309567202373 5.498016403930204 2 9 2
M 16.7037950835809 2.6630909832173693 0 50
E 14.520795134617458 5.077637000715984 0 44 2
M 11.03934607733273 8.487634099167474 2 100
M 17.517104111440734 11.738239036906794 0 45
E 4.940392497874578 17.18636228177906 0 17 2
E 1.3350615096054739 16.923474130852345 0 48 2
E 3.924061159267242 5.860224711388954 0 14 2
M 9.014756300521835 7.352928165715355 0 45
M 1.562102056851805 12.594848471813908 0 50
E 10.539091993217765 14.223428033990235 3 49 2
M 9.438528863826452 14.58813365169129 3 100
E 4.744660221093872 13.278108875327074 0 44 2
E 1.7319622472126717 7.219204110276576 3 9 2
E 4.453797466557214 20.85860834076072 0 28 2
