E 32.976670203085305 32.492178581037514 1 32 2
E 14.30061784643613 35.10598411757817 1 53 2
E 22.301047251336186 24.550701859227264 0 32 2
E 28.29850110556963 22.877301244327125 0 51 2
E 34.08566617489872 19.48712615108712 0 48 2
M 29.947984059644643 21.631243489899685 0 14
M 23.92136951148847 30.94606703127219 0 42
E 18.83241782599801 18.431465900202813 0 25 2
M 31.0832718012518 29.742225704469103 1 100
E 26.228006825733672 28.62474311701656 0 29 2
E 23.062259705816555 -2.2162661504920753 2 32 2
E 23.08729403515337 5.561965507894601 0 29 2
M 21.627429856414984 0.7984414032648001 2 100
M 15.170757079757673 5.8371205353863695 0 14
E 17.07461622671193 6.642585799511009 0 51 2
E 11.245055938024262 3.325841380198085 0 48 2
E 17.957451517443353 17.0633720660213 0 25 2
M 26.250938172433678 6.398910062220239 0 42
E 34.663907879337756 12.650766864504016 2 53 2
E 21.52255059704067 10.999832887852 0 32 2
M 8.881258860597685 26.531635974713943 0 14
E 8.626882667718437 24.48011295616186 0 51 2
E -2.038929908901861 23.724087569454557 3 32 2
M 1.2892983423332254 23.459332892266083 3 100
E 17.21013065655864 18.505162033775882 0 25 2
E 10.17640215162314 18.449465252920735 0 32 2
E 5.035474274226114 6.243249017917814 3 53 2
M 3.8276923160778535 16.655022906507565 0 42
E 8.66927788707701 31.187032468714797 0 48 2
E 4.684699139112958 19.81329137508883 0 29 2
