E 20.492769624287 14.008728927972703 0 43 2
M 22.100428427976187 13.286382680431128 0 59
E 7.890913965925077 19.571481957328565 0 23 2
E 21.354458582558895 17.214952285041523 0 56 2
E 19.701040089480824 15.994673243220253 0 53 2
M 13.168137133605374 23.197353941364433 1 100
E 16.465629655690798 21.486537185495823 0 29 2
E 15.59673144850031 15.018582690558839 1 40 2
E 10.998926269840661 18.553401779730507 1 57 2
M 22.8934440135475 22.227466845638077 0 19
E 11.839051867090221 1.2913250863338654 0 56 2
E 9.493225468797547 3.640681292892284 0 43 2
E 18.17594928753244 9.590254391513984 2 57 2
E 17.982767368739715 3.389382681530705 0 29 2
E 12.815803569197783 7.375847849728913 2 40 2
M 15.410524097911926 -2.54773267325469 0 19
M 8.063825866253586 2.609581052050534 0 59
E 11.6089684637063 3.3333670253370924 0 53 2
M 21.11312440158472 5.389686596511597 2 100
E 20.611638736379525 11.77283191318045 0 23 2
E 6.825124442626898 7.8563438287555085 3 57 2
E 1.5516029755694902 11.12408013297347 0 29 2
E 2.806489550350883 17.493722628624607 0 56 2
E 7.497447297695402 4.655686129490981 0 23 2
M 5.835745705770224 20.10403626751833 0 59
E 6.014004906915453 18.35058977913501 0 43 2
M 1.7187384648099098 7.41295946212397 3 100
E 4.689991446812873 16.67195973144265 0 53 2
M -2.3039681114594304 16.320265827616605 0 19
E 7.587464982301908 13.605569459712248 3 40 2
