M 31.140796743101134 29.61745925976657 0 25
E 33.46806380876145 38.07087607407597 1 29 2
E 39.03746966733139 32.091362417810615 0 7 2
E 35.31357779223826 43.30246729899766 0 5 2
E 43.248999170557994 24.007527103698077 0 47 2
M 41.77236351086913 45.364994657274025 1 100
E 37.63934025316921 27.06704618123495 0 18 2
M 27.05723470050673 36.48929995953495 0 36
E 28.911591769486364 33.97439507212035 0 50 2
E 46.454655204503226 25.527057607145355 1 48 2
E 38.07087607407597 14.531936191238549 2 29 2
E 25.527057607145355 1.5453447954967743 2 48 2
E 27.06704618123495 10.360659746830786 0 18 2
E 24.007527103698084 4.751000829442006 0 47 2
M 45.364994657274025 6.227636489130875 2 100
E 33.97439507212035 19.088408230513636 0 50 2
M 36.48929995953495 20.94276529949327 0 36
E 32.091362417810615 8.962530332668605 0 7 2
E 43.30246729899766 12.686422207761737 0 5 2
M 29.61745925976657 16.859203256898866 0 25
E 10.360659746830786 20.93295381876505 0 18 2
E 4.751000829442006 23.992472896301923 0 47 2
E 14.531936191238549 9.929123925924035 3 29 2
M 16.859203256898866 18.38254074023343 0 25
E 1.5453447954967743 22.472942392854645 3 48 2
E 19.088408230513636 14.025604927879646 0 50 2
E 12.686422207761733 4.6975327010023324 0 5 2
E 8.962530332668605 15.908637582189385 0 7 2
M 20.94276529949327 11.510700040465052 0 36
M 6.227636489130873 2.635005342725975 3 100
M 11.510700040465052 27.05723470050673 0 36
E 14.025604927879646 28.911591769486364 0 50 2
E 4.6975327010023324 35.31357779223826 0 5 2
E 20.93295381876505 37.63934025316921 0 18 2
E 9.929123925924033 33.46806380876145 4 29 2
M 2.6350053427259708 41.77236351086913 4 100
E 15.90863758218938 39.03746966733139 0 7 2
E 23.992472896301916 43.248999170557994 0 47 2
M 18.38254074023343 31.140796743101134 0 25
E 22.47294239285464 46.454655204503226 4 48 2
