M 20.133419685841083 32.88106434198367 0 7
E 16.863251366838504 26.812198411120768 1 45 2
E 14.660301335345931 31.58031261474406 0 15 2
E 25.523026633237535 25.180027095398543 0 15 2
E 35.26290856168788 29.737460926028074 0 10 2
M 27.65585443140815 35.26873355398745 1 100
E 22.471539098863865 20.438684687732113 0 29 2
M 30.141652680558185 22.895254922914734 0 28
E 21.181729995581232 18.158544338456036 0 20 2
E 33.37041541134898 28.00921214994666 1 46 2
E 26.1999620038002 14.578353988474714 2 45 2
E 18.983024288047183 -0.3157762879213859 2 46 2
E 17.876193341964203 12.90819120250246 0 29 2
E 19.533485057023597 -2.8188478206436254 0 10 2
M 28.1272347332338 1.0034179901622682 2 100
E 16.54643842693851 15.165268826615687 0 20 2
M 16.168588780965905 5.037392873251816 0 28
E 31.430745048029667 14.10210757720336 0 15 2
E 20.456572547856968 7.894854274570108 0 15 2
M 29.82066991258808 8.711872184135974 0 7
E 13.652267559171932 20.65312410976542 0 29 2
E -0.7963936187114807 27.08138689461554 0 10 2
E 10.936786629361299 12.609447600404518 3 45 2
M 4.045910401570842 12.40706347388036 0 7
E 1.6465603006038414 26.30656413797472 3 46 2
E 16.271831577480256 20.676186834928277 0 20 2
E 8.020400818905497 20.925118630031346 0 15 2
E 7.908953616624404 8.317579808052574 0 15 2
M 7.689758538475909 26.067352203833444 0 28
M -1.7830891646419489 17.72784845585027 3 100
