E 17.06847614005921 22.90915599256416 0 12 2
M 16.085570982007262 21.47981915273153 0 38
E 23.56677578045113 12.556886475675665 0 25 2
E 19.915503822896643 20.074817007649774 0 33 2
E 10.463137291415283 18.701072600821405 0 11 2
M 8.959933198273898 17.749147585590755 1 100
E 18.983516875792066 13.890932138277666 0 26 2
E 22.013232594518435 16.130486604394974 1 58 2
E 7.036148437913643 20.78695253090634 1 37 2
M 17.79053605885253 14.846914507902383 0 5
E 15.035244748087027 1.1075641017937834 0 33 2
E 18.9133681533782 2.1559929079513536 0 12 2
E 22.091649894656037 11.905345287928686 2 37 2
E 10.145836830684857 5.006630908667903 0 26 2
E 10.570490032138157 1.263042896947185 2 58 2
M 11.570232256819674 5.561791417552692 0 5
M 18.16697871854415 3.721882164251413 0 38
E 18.571730459207554 9.980425847352624 0 11 2
M 18.49894126009061 11.75820128670114 2 100
E 6.698889944733544 1.704435096412908 0 25 2
E 6.872201667430325 3.3077021811649727 3 37 2
E 6.870646293523078 17.10243695305443 0 26 2
E 1.0492514290163322 14.81761889055644 0 33 2
E 5.734334274815319 21.738678427911424 0 25 2
M 1.7474502994485888 10.798298683017052 0 38
E 0.0181557065625924 10.934851099484485 0 12 2
M 8.541125541635491 6.492651127708106 3 100
E 6.965132249377165 7.318501551825969 0 11 2
M 6.639231684327794 15.591294074544923 0 5
E 3.4162773733434095 18.60647049865784 3 58 2
