M 20.215367786286826 21.861195345690113 0 3
E 14.078643972085299 33.0160461504213 1 34 2
E 17.273615467688735 29.795141423817974 0 2 2
E 25.00945467673471 20.02446932040805 0 56 2
E 10.189715706948125 34.75161750124868 0 13 2
M 32.10692795129994 30.810422989216477 1 100
E 29.364004839354095 24.46020841314543 0 17 2
M 26.559754109932697 25.936805994922132 0 30
E 30.715209231707274 28.463344166008074 0 3 2
E 27.70306772547401 23.150182405024676 1 36 2
E 32.96495544462172 13.887970862246723 2 34 2
E 17.60865493413801 7.021805652586278 2 36 2
E 17.912702179848857 4.928378913817339 0 17 2
E 36.412468457087286 16.388095857937177 0 13 2
M 22.040687766235692 -0.6221694697907555 2 100
E 20.703917240449055 1.7566337079030514 0 3 2
M 20.593598561544848 6.618632493188963 0 30
E 28.57808438041215 12.731496745988652 0 2 2
E 16.248514522288232 10.917399523068077 0 56 2
M 20.236209365198466 14.150837545504857 0 3
E 6.723292980797046 24.61141267303723 0 17 2
E 7.397815835964589 2.860286640814143 0 13 2
E 6.956400583292978 7.095982987331974 3 34 2
M 13.54842284851471 17.987967108805027 0 3
E 8.688277340387982 23.828011942389043 3 36 2
E 2.5808735278436687 23.780022126088873 0 3 2
E 12.742030800977055 23.058131156523874 0 56 2
E 8.148300151899118 11.473361830193374 0 2 2
M 6.846647328522454 21.4445615118889 0 30
M -0.14761571753563274 23.811746480574268 3 100
