M 25.32011964903024 18.423727403007074 0 10
E 15.163581270190273 28.32159505696591 1 1 2
E 32.226048892706785 24.752796043679037 0 31 2
E 27.5084708238926 26.887333656535098 0 22 2
E 33.79763576711105 32.32852202571259 0 5 2
M 13.71852265205745 35.39715499574645 1 100
E 16.5416900178038 21.94538904257208 0 11 2
M 35.22225244269378 33.749084577002435 0 45
E 18.742569719280628 31.285793761689014 0 31 2
E 28.706902464415855 23.488137863358183 1 48 2
E 28.356972891813236 15.295613147302259 2 1 2
E 17.39941557693151 5.983481538294565 2 48 2
E 22.14596212977829 17.2902389698883 0 11 2
E 22.510046189396444 -2.8454149069081334 0 5 2
M 35.20711685386306 13.009290651172654 2 100
E 29.134550047423193 10.714018878177393 0 31 2
M 23.027981108686923 -4.78945041426263 0 45
E 16.735068474047715 2.303482241596926 0 31 2
E 20.942421306521545 5.321755887098306 0 22 2
M 14.706898870768617 11.448726723694644 0 10
E 15.312347852417915 14.764371987539615 0 11 2
E -2.307681956507494 24.516892881195538 0 5 2
E 10.479445837996494 10.382791795731828 3 1 2
M 13.972981480201142 24.127545873298278 0 10
E 7.893681958652631 24.528380598347248 3 48 2
E 6.122880233296183 12.000187360133589 0 31 2
E 5.549107869585853 21.79091045636659 0 22 2
E 5.038882633245504 26.943721714724028 0 31 2
M -4.250233551380704 25.04036583726019 0 45
M 5.074360494079495 5.5935543530808935 3 100
