M 14.858640250696292 16.344889161267986 0 50
M 18.447392206143398 18.697755254263974 0 13
E 13.51187916633678 17.943230778243617 0 18 2
E 17.49300510899794 15.62000830865586 0 21 2
M 19.49202056559361 14.424380682768165 1 100
E 9.510992278434191 21.364459855689955 0 1 2
E 15.744531615268457 19.89691773888627 0 12 2
E 12.120316122673 13.085555281581373 0 16 2
E 20.846514558059926 22.91201828836729 1 30 2
E 23.17482819271225 20.637606628170715 1 10 2
E 16.39104925134414 7.719058845378099 0 18 2
E 12.87996038972534 11.35302554048965 0 16 2
E 21.35436398852996 9.473313989246643 0 1 2
E 16.966665565837253 4.808681626460404 0 12 2
E 13.892972671536565 -1.9964884119007138 2 10 2
E 17.0268277652565 -1.1173154864124064 2 30 2
M 14.333464264937593 7.351900341982305 0 50
E 12.388516602707744 5.432913878162141 0 21 2
M 10.353564976924691 4.299529523136397 2 100
M 14.576730095451603 3.0675169341860338 0 13
E 10.999723487601662 11.561419177928977 0 16 2
E 5.13464373303585 5.1622261550634025 0 1 2
E 6.097071582319076 10.337710376378281 0 18 2
M 2.9758776984049966 14.234727811549991 0 13
M 6.807895484366116 12.30321049674971 0 50
E -1.067800864248818 17.35888178372999 3 10 2
M 6.1544144574817015 17.276089794095437 3 100
E 6.118478288294311 14.947077813181997 0 21 2
E -1.873342323316426 14.20529719804511 3 30 2
E 3.2888028188942924 11.29440063465332 0 12 2
