E 18.16992310872452 13.359083940948883 1 33 2
E 3.4764840182053405 16.887786075082012 1 25 2
E 9.25636465929662 12.41232827844269 0 52 2
E 15.506609089221238 19.80983608572361 0 39 2
E 13.953292807767479 20.85075787029748 0 4 2
M 0.3204373679348024 22.708386089103488 0 59
M 7.414018286863618 18.179084434563546 0 7
E 20.180208856714906 14.805811115360134 0 52 2
M 5.874120057261781 15.918060919533849 1 100
E 14.713496212316466 19.02209892962087 0 4 2
E 5.830076891275479 10.640916059051117 2 33 2
E 9.286503787683534 4.97790107037913 0 4 2
M 18.12587994273822 8.08193908046615 2 100
M 23.6795626320652 1.2916139108965106 0 59
E 8.493390910778762 4.190163914276388 0 39 2
E 10.046707192232521 3.1492421297025204 0 4 2
E 3.819791143285097 9.194188884639864 0 52 2
M 16.585981713136384 5.820915565436453 0 7
E 20.52351598179466 7.112213924917986 2 25 2
E 14.743635340703378 11.58767172155731 0 52 2
