E 31.009159419869718 32.353966045381114 0 53 2
M 36.04629052940703 35.425273658847644 0 33
E 40.89167986434933 24.374483941478662 0 44 2
E 39.48262520069032 42.73190893197508 0 2 2
E 45.72085647519939 44.310610334862034 0 33 2
M 25.45872469858698 26.790728848137167 1 100
E 42.334885822548316 28.512145869903343 0 31 2
E 28.190910542649256 45.66618812996734 1 26 2
E 34.58898442543499 37.497369810160976 1 27 2
M 38.04946188302302 29.97159726897844 0 31
E 42.73190893197508 8.517374799309676 0 2 2
E 32.353966045381114 16.990840580130282 0 53 2
E 37.497369810160976 13.411015574565008 2 27 2
E 28.51214586990335 5.66511417745169 0 31 2
E 45.66618812996734 19.809089457350744 2 26 2
M 29.97159726897844 9.950538116976983 0 31
M 35.425273658847644 11.953709470592973 0 33
E 44.310610334862034 2.279143524800607 0 33 2
M 26.790728848137167 22.54127530141302 2 100
E 24.374483941478665 7.108320135650676 0 44 2
E 13.411015574565008 10.50263018983902 3 27 2
E 5.66511417745169 19.487854130096657 0 31 2
E 8.517374799309675 5.268091068024925 0 2 2
E 7.108320135650676 23.625516058521338 0 44 2
M 11.953709470592973 12.574726341152362 0 33
E 16.990840580130282 15.646033954618883 0 53 2
M 22.54127530141302 21.209271151862833 3 100
E 2.279143524800607 3.689389665137972 0 33 2
M 9.950538116976983 18.028402731021558 0 31
E 19.809089457350744 2.3338118700326644 3 26 2
M 18.028402731021554 38.049461883023014 0 31
M 21.209271151862833 25.458724698586977 4 100
E 10.50263018983902 34.58898442543499 4 27 2
M 12.57472634115236 36.046290529407024 0 33
E 15.646033954618883 31.009159419869718 0 53 2
E 5.2680910680249236 39.48262520069032 0 2 2
E 2.3338118700326644 28.19091054264925 4 26 2
E 3.6893896651379676 45.72085647519939 0 33 2
E 19.48785413009665 42.334885822548316 0 31 2
E 23.625516058521335 40.89167986434933 0 44 2
