E 24.826874140145073 26.96730461902802 0 12 2
M 28.984138894814798 30.800633350449612 0 58
E 27.255640150031372 32.47370382497615 0 24 2
E 39.14275667413121 43.06153046253194 0 34 2
E 47.0413251078417 24.575158911941113 0 25 2
M 37.25181453068486 34.83841536718568 1 100
E 34.90904021950163 28.326819824923735 0 50 2
E 41.647815874795015 39.586979963443184 1 11 2
E 31.694579888642533 38.099404721927414 1 27 2
M 43.76453563467943 46.622457002703754 0 17
E 43.06153046253194 8.85724332586879 0 34 2
E 26.96730461902802 23.173125859854927 0 12 2
E 38.099404721927414 16.305420111357467 2 27 2
E 28.326819824923735 13.09095978049837 0 50 2
E 39.586979963443184 6.3521841252049835 2 11 2
M 46.622457002703754 4.235464365320572 0 17
M 30.800633350449612 19.015861105185202 0 58
E 24.575158911941116 0.958674892158298 0 25 2
M 34.83841536718568 10.74818546931514 2 100
E 32.47370382497615 20.744359849968628 0 24 2
E 16.305420111357467 9.900595278072586 3 27 2
E 13.09095978049837 19.673180175076265 0 50 2
E 8.85724332586879 4.938469537468057 0 34 2
E 20.744359849968628 15.52629617502385 0 24 2
M 19.015861105185202 17.19936664955039 0 58
E 23.173125859854927 21.03269538097198 0 12 2
M 10.74818546931514 13.161584632814316 3 100
E 0.958674892158298 23.424841088058887 0 25 2
M 4.235464365320572 1.3775429972962498 0 17
E 6.3521841252049835 8.413020036556812 3 11 2
M 1.3775429972962456 43.76453563467942 0 17
M 13.161584632814314 37.25181453068486 4 100
E 9.900595278072583 31.694579888642533 4 27 2
M 17.199366649550388 28.984138894814798 0 58
E 21.03269538097198 24.826874140145073 0 12 2
E 4.938469537468055 39.142756674131206 0 34 2
E 8.41302003655681 41.647815874795015 4 11 2
E 23.424841088058884 47.0413251078417 0 25 2
E 19.673180175076265 34.90904021950163 0 50 2
E 15.52629617502385 27.255640150031372 0 24 2
