E 26.301445483193664 24.78605996784244 0 55 2
M 33.99429692619691 46.07794929677027 0 33
E 24.057923016984866 40.514518101125056 0 42 2
E 31.054255960734103 26.694049442438796 0 41 2
E 29.00854354818252 38.53226982789623 0 36 2
M 41.711819553664284 30.430747111114208 1 100
E 32.58609967528811 35.99997447413309 0 50 2
E 35.62654452841741 42.117486605730335 1 6 2
E 46.61485761759821 28.684815293817515 1 57 2
M 39.55182925395381 34.403337489833206 0 50
E 26.694049442438796 16.945744039265897 0 41 2
E 24.78605996784244 21.698554516806336 0 55 2
E 28.684815293817515 1.3851423824017943 2 57 2
E 35.99997447413309 15.413900324711893 0 50 2
E 42.117486605730335 12.373455471582588 2 6 2
M 34.403337489833206 8.448170746046182 0 50
M 46.07794929677027 14.005703073803094 0 33
E 38.53226982789623 18.99145645181748 0 36 2
M 30.430747111114208 6.288180446335717 2 100
E 40.514518101125056 23.942076983015134 0 42 2
E 1.3851423824017943 19.315184706182485 3 57 2
E 15.413900324711893 12.000025525866914 0 50 2
E 16.945744039265897 21.305950557561204 0 41 2
E 23.942076983015134 7.4854818988749425 0 42 2
M 14.00570307380309 1.922050703229732 0 33
E 21.698554516806336 23.21394003215756 0 55 2
M 6.288180446335717 17.569252888885792 3 100
E 18.99145645181748 9.467730172103767 0 36 2
M 8.448170746046182 13.596662510166794 0 50
E 12.373455471582584 5.882513394269671 3 6 2
M 13.59666251016679 39.55182925395381 0 50
M 17.56925288888579 41.711819553664284 4 100
E 19.31518470618248 46.61485761759821 4 57 2
M 1.922050703229732 33.9942969261969 0 33
E 23.21394003215756 26.301445483193664 0 55 2
E 21.305950557561204 31.054255960734103 0 41 2
E 5.882513394269668 35.62654452841741 4 6 2
E 9.467730172103767 29.008543548182512 0 36 2
E 12.000025525866912 32.58609967528811 0 50 2
E 7.4854818988749425 24.057923016984862 0 42 2
