E 34.788415277963736 38.77792339637044 0 1 2
M 38.224433094530596 26.930347240228194 0 42
E 26.779824634504244 34.404350405072435 0 25 2
E 31.086607730848204 28.69077613933869 0 57 2
E 41.685980110992325 42.156911352925036 0 38 2
M 36.55969443871437 25.553790829565934 1 100
E 43.75192622517464 31.404813530968557 0 27 2
E 32.70026319282772 46.3078937526159 1 60 2
E 28.418005814169625 44.17052816381427 1 12 2
M 45.939486558739056 40.685289645103964 0 23
E 28.6907761393387 16.913392269151796 0 57 2
E 38.77792339637044 13.21158472203627 0 1 2
E 44.17052816381427 19.581994185830375 2 12 2
E 31.404813530968557 4.2480737748253645 0 27 2
E 46.3078937526159 15.29973680717228 2 60 2
M 40.685289645103964 2.060513441260949 0 23
M 26.930347240228194 9.775566905469404 0 42
E 42.15691135292504 6.314019889007678 0 38 2
M 25.55379082956594 11.440305561285637 2 100
E 34.404350405072435 21.220175365495756 0 25 2
E 19.581994185830375 3.8294718361857347 3 12 2
E 4.2480737748253645 16.59518646903145 0 27 2
E 16.913392269151796 19.30922386066131 0 57 2
E 21.220175365495756 13.595649594927565 0 25 2
M 9.775566905469404 21.069652759771806 0 42
E 13.21158472203627 9.222076603629555 0 1 2
M 11.440305561285637 22.446209170434066 3 100
E 6.314019889007676 5.843088647074962 0 38 2
M 2.060513441260949 7.314710354896041 0 23
E 15.299736807172277 1.6921062473840962 3 60 2
M 7.314710354896036 45.93948655873904 0 23
M 22.44620917043406 36.55969443871437 4 100
E 3.8294718361857347 28.418005814169618 4 12 2
M 21.069652759771806 38.224433094530596 0 42
E 9.222076603629551 34.78841527796373 0 1 2
E 19.309223860661305 31.086607730848204 0 57 2
E 1.6921062473840962 32.70026319282772 4 60 2
E 5.843088647074959 41.685980110992325 0 38 2
E 16.595186469031447 43.75192622517464 0 27 2
E 13.595649594927565 26.779824634504244 0 25 2
