E 39.56100365673266 27.06068751513835 0 28 2
M 46.14349970838223 28.55396005927427 0 35
E 44.60254949219376 30.189670444412144 0 56 2
E 26.853932401889722 32.9452822253736 0 49 2
E 29.174059105740156 38.64577968193513 0 31 2
M 34.283466879171435 42.50617722423422 1 100
E 43.19383460676661 40.226884062693635 0 46 2
E 40.945980223751825 25.623372923203966 1 26 2
E 25.263149578615113 45.66585680834703 1 42 2
M 30.896659247258004 35.658819976994195 0 16
E 32.9452822253736 21.14606759811028 0 49 2
E 27.06068751513835 8.438996343267343 0 28 2
E 45.66585680834703 22.736850421384887 2 42 2
E 40.226884062693635 4.806165393233388 0 46 2
E 25.623372923203966 7.05401977624818 2 26 2
M 35.658819976994195 17.103340752742 0 16
M 28.553960059274278 1.8565002916177717 0 35
E 38.64577968193513 18.825940894259844 0 31 2
M 42.50617722423422 13.716533120828563 2 100
E 30.18967044441215 3.397450507806238 0 56 2
E 22.736850421384887 2.3341431916529674 3 42 2
E 4.806165393233388 7.773115937306367 0 46 2
E 21.14606759811028 15.054717774626402 0 49 2
E 3.397450507806238 17.810329555587852 0 56 2
M 1.8565002916177717 19.44603994072573 0 35
E 8.438996343267343 20.93931248486165 0 28 2
M 13.716533120828563 5.4938227757657785 3 100
E 18.82594089425984 9.354220318064865 0 31 2
M 17.103340752741996 12.341180023005808 0 16
E 7.05401977624818 22.376627076796034 3 26 2
M 12.341180023005808 30.896659247257997 0 16
M 5.493822775765777 34.28346687917143 4 100
E 2.3341431916529674 25.26314957861511 4 42 2
M 19.446039940725722 46.14349970838223 0 35
E 20.93931248486165 39.56100365673266 0 28 2
E 15.054717774626402 26.853932401889722 0 49 2
E 22.37662707679603 40.945980223751825 4 26 2
E 9.354220318064865 29.174059105740156 0 31 2
E 7.773115937306363 43.19383460676661 0 46 2
E 17.81032955558785 44.60254949219376 0 56 2
