M 38.03729573322944 39.73997660259406 0 10
E 28.6175430099683 30.937976258188787 1 25 2
E 26.05093151362218 32.46825387406868 0 25 2
E 31.560463330480218 25.90716245681865 0 11 2
E 35.98932933425257 34.273812090383885 0 19 2
M 41.818713243073056 27.34356788276265 1 100
E 34.61230284167031 41.884324932911284 0 13 2
M 39.66215721410369 43.31532966984377 0 31
E 24.125673966860806 24.444822537055085 0 23 2
E 43.193962671452276 46.859355055461435 1 1 2
E 30.937976258188787 19.3824569900317 2 25 2
E 46.859355055461435 4.806037328547722 2 1 2
E 41.884324932911284 13.387697158329697 0 13 2
E 34.273812090383885 12.010670665747435 0 19 2
M 27.34356788276265 6.181286756926948 2 100
E 24.444822537055085 23.874326033139194 0 23 2
M 43.31532966984377 8.337842785896308 0 31
E 32.46825387406868 21.949068486377826 0 25 2
E 25.90716245681865 16.439536669519786 0 11 2
M 39.73997660259406 9.962704266770562 0 10
E 13.387697158329695 6.115675067088718 0 13 2
E 12.010670665747435 13.72618790961612 0 19 2
E 19.3824569900317 17.06202374181121 3 25 2
M 9.962704266770562 8.260023397405936 0 10
E 4.8060373285477205 1.1406449445385676 3 1 2
E 23.874326033139194 23.555177462944915 0 23 2
E 16.439536669519786 22.092837543181354 0 11 2
E 21.94906848637782 15.531746125931317 0 25 2
M 8.337842785896305 4.684670330156228 0 31
M 6.181286756926948 20.65643211723735 3 100
M 4.684670330156225 39.66215721410369 0 31
E 23.555177462944915 24.125673966860806 0 23 2
E 22.092837543181354 31.560463330480218 0 11 2
E 6.115675067088716 34.6123028416703 0 13 2
E 17.06202374181121 28.6175430099683 4 25 2
M 20.656432117237348 41.818713243073056 4 100
E 15.531746125931317 26.050931513622174 0 25 2
E 13.726187909616119 35.98932933425256 0 19 2
M 8.260023397405934 38.037295733229435 0 10
E 1.1406449445385634 43.193962671452276 4 1 2
