E 34.94220465817854 35.76681661882867 0 14 2
E 36.644902835022926 45.1837067422028 0 9 2
M 26.155492274289863 42.867093591551125 1 100
E 39.546179649792805 32.50369911900678 1 1 2
E 31.214731717569055 26.073387402205032 0 59 2
E 43.31972760102657 38.326720481159256 0 5 2
E 29.335501088220262 46.92216988660276 0 54 2
E 27.81993571329462 27.60836082269849 1 35 2
M 41.66334135998987 29.996177935163377 0 44
M 46.62551164931959 40.04991703936069 0 21
E 26.073387402205032 16.785268282430945 0 59 2
E 45.1837067422028 11.35509716497708 0 9 2
M 40.04991703936069 1.3744883506804058 0 21
E 27.60836082269849 20.18006428670538 2 35 2
M 29.996177935163377 6.33665864001013 0 44
E 35.76681661882867 13.057795341821457 0 14 2
M 42.867093591551125 21.844507725710137 2 100
E 38.326720481159256 4.680272398973426 0 5 2
E 46.92216988660276 18.664498911779738 0 54 2
E 32.50369911900678 8.453820350207199 2 1 2
M 1.3744883506804058 7.950082960639312 0 21
E 20.18006428670538 20.391639177301506 3 35 2
E 16.785268282430945 21.926612597794968 0 59 2
E 8.453820350207199 15.496300880993218 3 1 2
M 21.844507725710137 5.13290640844887 3 100
E 11.355097164977078 2.816293257797196 0 9 2
E 13.057795341821457 12.233183381171326 0 14 2
E 18.664498911779738 1.0778301133972434 0 54 2
E 4.680272398973426 9.67327951884074 0 5 2
M 6.33665864001013 18.003822064836623 0 44
E 1.0778301133972434 29.33550108822026 0 54 2
M 7.950082960639307 46.62551164931959 0 21
M 5.13290640844887 26.155492274289855 4 100
E 2.8162932577971915 36.64490283502291 0 9 2
E 21.926612597794968 31.214731717569055 0 59 2
M 18.00382206483662 41.663341359989865 0 44
E 9.673279518840737 43.31972760102657 0 5 2
E 12.233183381171324 34.94220465817854 0 14 2
E 20.391639177301506 27.81993571329462 4 35 2
E 15.496300880993214 39.546179649792805 4 1 2
