M 41.100735771384315 27.33856271711602 0 39
M 26.464933725247114 41.61062626841859 0 25
E 33.134237584706824 24.0629031233071 0 24 2
E 28.241943424548616 34.97670217187242 0 20 2
M 37.8121480793602 28.961942475809945 1 100
E 31.46110521864337 39.59250091373152 0 26 2
E 34.85270800085349 33.205022230543115 0 17 2
E 43.36915010342483 25.70203303396263 0 45 2
E 46.141275015846624 43.47583645091918 1 28 2
E 29.774883509627234 38.04637170174102 1 16 2
E 24.0629031233071 14.865762415293176 0 24 2
E 25.70203303396263 4.630849896575168 0 45 2
E 39.59250091373152 16.53889478135663 0 26 2
E 33.205022230543115 13.147291999146512 0 17 2
E 38.04637170174102 18.225116490372766 2 16 2
E 43.47583645091918 1.8587249841533748 2 28 2
M 27.33856271711602 6.899264228615681 0 39
E 34.97670217187242 19.758056575451384 0 20 2
M 28.961942475809945 10.187851920639797 2 100
M 41.61062626841859 21.535066274752886 0 25
E 4.630849896575168 22.297966966037368 0 45 2
E 16.53889478135663 8.407499086268484 0 26 2
E 14.865762415293176 23.9370968766929 0 24 2
M 21.535066274752886 6.389373731581411 0 25
M 6.899264228615681 20.66143728288398 0 39
E 18.225116490372766 9.953628298258982 3 16 2
M 10.187851920639797 19.038057524190055 3 100
E 19.758056575451384 13.023297828127586 0 20 2
E 1.8587249841533748 4.524163549080816 3 28 2
E 13.147291999146512 14.794977769456887 0 17 2
E 4.5241635490808125 46.14127501584662 4 28 2
E 9.953628298258982 29.774883509627234 4 16 2
M 19.038057524190055 37.8121480793602 4 100
E 22.297966966037368 43.36915010342483 0 45 2
M 20.661437282883977 41.100735771384315 0 39
E 23.937096876692898 33.134237584706824 0 24 2
E 14.794977769456883 34.85270800085349 0 17 2
E 13.023297828127586 28.241943424548612 0 20 2
E 8.407499086268482 31.461105218643365 0 26 2
M 6.389373731581411 26.464933725247107 0 25
