E 27.31573042497306 26.07878228431415 0 1 2
E 30.603322916942318 37.38685003425523 1 55 2
E 32.796386013912375 45.19574610313924 0 59 2
E 28.840818920562366 30.874977631395502 0 46 2
E 44.59818541305985 24.638718401719814 0 45 2
M 35.6923225440189 42.79057682478008 0 23
E 40.30074161618825 35.01555035781805 1 4 2
M 38.07792500920499 40.69370989759126 0 26
E 46.10777213577803 46.91405476795552 0 20 2
M 42.87958913299073 28.143343776996186 1 100
M 28.143343776996186 5.120410867009269 2 100
E 46.91405476795552 1.8922278642219694 0 20 2
M 40.69370989759126 9.922074990795014 0 26
E 24.638718401719814 3.4018145869401453 0 45 2
E 45.19574610313924 15.203613986087623 0 59 2
E 30.874977631395502 19.159181079437634 0 46 2
E 35.01555035781805 7.699258383811757 2 4 2
M 42.79057682478008 12.307677455981102 0 23
E 26.07878228431415 20.684269575026942 0 1 2
E 37.38685003425523 17.396677083057682 2 55 2
E 3.4018145869401453 23.361281598280186 0 45 2
E 15.203613986087623 2.8042538968607618 0 59 2
M 9.922074990795014 7.306290102408741 0 26
E 7.699258383811757 12.984449642181946 3 4 2
M 5.120410867009269 19.856656223003814 3 100
E 17.39667708305768 10.613149965744764 3 55 2
E 20.684269575026942 21.92121771568585 0 1 2
M 12.307677455981098 5.209423175219916 0 23
E 19.159181079437634 17.125022368604498 0 46 2
E 1.8922278642219694 1.0859452320444845 0 20 2
M 5.209423175219914 35.69232254401889 0 23
M 19.856656223003807 42.87958913299073 4 100
E 12.984449642181943 40.30074161618823 4 4 2
E 10.613149965744762 30.603322916942318 4 55 2
E 23.361281598280183 44.59818541305985 0 45 2
E 17.125022368604498 28.840818920562366 0 46 2
E 21.92121771568585 27.31573042497306 0 1 2
E 2.8042538968607618 32.796386013912375 0 59 2
E 1.0859452320444802 46.10777213577803 0 20 2
M 7.306290102408738 38.07792500920498 0 26
