M 35.111900041594026 30.631430927776336 0 57
E 39.767904701598844 24.781002224634427 1 35 2
E 43.301970390001955 47.20898428451046 0 46 2
E 46.619190617070544 40.87521694971988 0 5 2
E 44.811514548931726 38.61159419475639 0 9 2
M 37.07845954073493 45.290416791808795 1 100
E 31.95986685473714 34.10151646397244 0 55 2
M 29.11111355374984 27.594119870762505 0 51
E 27.095859644555624 26.17009484276806 0 21 2
E 25.62952827992974 36.91506270469918 1 6 2
E 24.781002224634427 8.23209529840116 2 35 2
E 36.91506270469918 22.370471720070263 2 6 2
E 34.10151646397244 16.04013314526286 0 55 2
E 38.61159419475639 3.18848545106828 0 9 2
M 45.290416791808795 10.921540459265069 2 100
E 26.17009484276806 20.904140355444376 0 21 2
M 27.594119870762505 18.888886446250154 0 51
E 47.20898428451046 4.698029609998045 0 46 2
E 40.87521694971988 1.3808093829294534 0 5 2
M 30.631430927776336 12.88809995840597 0 57
E 16.04013314526286 13.89848353602756 0 55 2
E 3.18848545106828 9.388405805243613 0 9 2
E 8.23209529840116 23.218997775365573 3 35 2
M 12.88809995840597 17.368569072223664 0 57
E 22.370471720070263 11.084937295300819 3 6 2
E 20.904140355444376 21.829905157231938 0 21 2
E 1.3808093829294534 7.124783050280124 0 5 2
E 4.698029609998045 0.7910157154895444 0 46 2
M 18.888886446250154 20.405880129237495 0 51
M 10.921540459265067 2.7095832081912024 3 100
M 20.405880129237495 29.11111355374984 0 51
E 21.829905157231938 27.095859644555624 0 21 2
E 7.1247830502801195 46.619190617070544 0 5 2
E 13.898483536027559 31.95986685473714 0 55 2
E 23.218997775365573 39.767904701598844 4 35 2
M 2.709583208191198 37.078459540734926 4 100
E 0.7910157154895401 43.30197039000195 0 46 2
E 9.38840580524361 44.81151454893171 0 9 2
M 17.368569072223657 35.111900041594026 0 57
E 11.084937295300819 25.62952827992974 4 6 2
