M 27.462925000793973 36.90549696766594 0 34
E 38.5193780158884 30.793918456180183 1 29 2
E 41.40199461304079 46.21461129144047 0 43 2
E 28.814496195835666 24.77961304662277 0 59 2
E 24.3230952979687 42.845294024474455 0 15 2
M 35.28260447052726 41.23389132526788 1 100
E 31.843585007070267 38.37468291189227 0 4 2
M 44.99531522790521 27.348719388304012 0 12
E 26.094423283324154 44.230259784165355 0 20 2
E 47.186425804261866 33.15154870964542 1 5 2
E 30.793918456180183 9.480621984111595 2 29 2
E 33.15154870964542 0.8135741957381356 2 5 2
E 38.37468291189227 16.156414992929733 0 4 2
E 42.845294024474455 23.676904702031305 0 15 2
M 41.23389132526788 12.717395529472736 2 100
E 44.230259784165355 21.905576716675846 0 20 2
M 27.348719388304012 3.0046847720947936 0 12
E 46.21461129144047 6.598005386959207 0 43 2
E 24.77961304662277 19.185503804164334 0 59 2
M 36.90549696766594 20.53707499920603 0 34
E 16.156414992929733 9.625317088107726 0 4 2
E 23.6769047020313 5.154705975525546 0 15 2
E 9.480621984111595 17.206081543819817 3 29 2
M 20.53707499920603 11.09450303233406 0 34
E 0.8135741957381356 14.84845129035458 3 5 2
E 21.905576716675846 3.7697402158346494 0 20 2
E 19.185503804164334 23.22038695337723 0 59 2
E 6.598005386959204 1.7853887085595275 0 43 2
M 3.0046847720947936 20.651280611695988 0 12
M 12.717395529472736 6.766108674732128 3 100
M 20.651280611695984 44.99531522790521 0 12
E 3.7697402158346494 26.094423283324147 0 20 2
E 23.22038695337723 28.814496195835666 0 59 2
E 9.625317088107725 31.84358500707026 0 4 2
E 17.206081543819813 38.5193780158884 4 29 2
M 6.766108674732126 35.28260447052726 4 100
E 1.7853887085595233 41.40199461304079 0 43 2
E 5.154705975525546 24.323095297968695 0 15 2
M 11.09450303233406 27.462925000793973 0 34
E 14.848451290354575 47.186425804261866 4 5 2
