M 20.717509364452006 16.393001533221465 0 17
M 6.6103574340082485 20.671762788564166 0 35
E 13.489801208388155 19.704146865784537 0 28 2
E 21.452549991417662 17.877441930374204 0 39 2
M 19.45531933450365 21.445274449349498 1 100
E 5.233679450676982 13.458548752664132 0 28 2
E 18.548393489684322 15.371203270297235 0 20 2
E 1.5826246149833068 12.307178854445642 0 19 2
E 17.27777326083037 18.848415437585277 1 15 2
E 11.24872520152655 14.224457745567765 1 8 2
E 10.510198791611844 4.29585313421546 0 28 2
E 22.41737538501669 11.692821145554358 0 19 2
E 18.76632054932302 10.541451247335868 0 28 2
E 5.451606510315679 8.628796729702765 0 20 2
E 12.75127479847345 9.775542254432237 2 8 2
E 6.72222673916963 5.151584562414722 2 15 2
M 3.2824906355479926 7.606998466778535 0 17
E 2.5474500085823366 6.122558069625795 0 39 2
M 4.544680665496351 2.5547255506505 2 100
M 17.38964256599175 3.328237211435834 0 35
