E 25.31216539805488 27.960615096264302 0 19 2
M 39.69338852656948 33.698209763792605 0 50
E 36.644939835284546 36.87308525337927 0 35 2
E 44.557197344459276 24.422137204526866 0 44 2
E 32.80537558641992 29.872036061049737 0 30 2
M 35.07024035124613 43.60209311203432 1 100
E 27.171771688907256 31.56826723302786 0 18 2
E 46.463421594734086 40.33697887620315 1 37 2
E 29.98316736592711 38.27146724450313 1 15 2
M 42.4934538862582 46.47584261770168 0 50
E 24.42213720452687 3.4428026555407216 0 44 2
E 27.960615096264302 22.68783460194512 0 19 2
E 38.27146724450313 18.01683263407289 2 15 2
E 31.56826723302786 20.828228311092744 0 18 2
E 40.33697887620315 1.536578405265918 2 37 2
M 46.47584261770168 5.506546113741804 0 50
M 33.698209763792605 8.306611473430529 0 50
E 29.872036061049737 15.194624413580078 0 30 2
M 43.60209311203432 12.929759648753873 2 100
E 36.87308525337927 11.355060164715459 0 35 2
E 18.01683263407289 9.728532755496866 3 15 2
E 20.828228311092744 16.43173276697214 0 18 2
E 3.4428026555407216 23.577862795473134 0 44 2
E 11.355060164715459 11.126914746620724 0 35 2
M 8.306611473430529 14.301790236207392 0 50
E 22.68783460194512 20.039384903735698 0 19 2
M 12.929759648753873 4.3979068879656795 3 100
E 15.194624413580078 18.127963938950263 0 30 2
M 5.506546113741801 1.524157382298314 0 50
E 1.536578405265918 7.663021123796852 3 37 2
M 1.5241573822983099 42.493453886258195 0 50
M 4.3979068879656795 35.07024035124613 4 100
E 9.728532755496865 29.98316736592711 4 15 2
M 14.301790236207392 39.69338852656947 0 50
E 20.039384903735698 25.31216539805488 0 19 2
E 23.57786279547313 44.557197344459276 0 44 2
E 7.663021123796848 46.46342159473407 4 37 2
E 18.127963938950256 32.80537558641992 0 30 2
E 16.43173276697214 27.171771688907256 0 18 2
E 11.126914746620722 36.64493983528454 0 35 2
