E 34.90365898092231 32.788789599075415 0 22 2
M 42.34349457136358 45.15995852201958 0 32
E 31.068810824112017 37.3621978688552 0 7 2
E 33.35440900979555 39.33286261805315 0 15 2
E 26.22107511136149 41.07280088269943 0 47 2
M 43.813992498069595 29.088372910645298 1 100
E 47.12559253090557 26.973457094945708 0 37 2
E 24.47210057533623 24.875880511407463 1 47 2
E 28.476833504915913 34.36658069695731 1 52 2
M 45.617738847991845 43.3459637021851 0 56
E 39.33286261805315 14.645590990204449 0 15 2
E 32.788789599075415 13.09634101907769 0 22 2
E 34.36658069695731 19.523166495084087 2 52 2
E 26.97345709494571 0.8744074690944317 0 37 2
E 24.875880511407463 23.52789942466377 2 47 2
M 43.3459637021851 2.3822611520081525 0 56
M 45.15995852201958 5.656505428636423 0 32
E 41.07280088269943 21.77892488863851 0 47 2
M 29.088372910645298 4.186007501930405 2 100
E 37.3621978688552 16.931189175887987 0 7 2
E 19.523166495084087 13.633419303042695 3 52 2
E 0.8744074690944317 21.026542905054292 0 37 2
E 14.645590990204449 8.66713738194685 0 15 2
E 16.931189175887987 10.6378021311448 0 7 2
M 5.656505428636422 2.8400414779804195 0 32
E 13.09634101907769 15.211210400924585 0 22 2
M 4.186007501930405 18.911627089354702 3 100
E 21.77892488863851 6.927199117300573 0 47 2
M 2.3822611520081525 4.6540362978149 0 56
E 23.52789942466377 23.124119488592537 3 47 2
M 4.654036297814896 45.617738847991845 0 56
M 18.9116270893547 43.813992498069595 4 100
E 13.633419303042695 28.476833504915913 4 52 2
M 2.840041477980415 42.34349457136358 0 32
E 15.211210400924585 34.90365898092231 0 22 2
E 8.667137381946848 33.35440900979555 0 15 2
E 23.124119488592537 24.47210057533623 4 47 2
E 6.927199117300573 26.221075111361483 0 47 2
E 21.02654290505428 47.12559253090557 0 37 2
E 10.637802131144799 31.068810824112017 0 7 2
