M 27.66125156579735 43.65765482887292 0 42
M 46.19945792508172 39.36777743407946 0 4
E 44.002040386005135 40.84933841530839 0 39 2
E 42.03135354523126 46.73542062268736 0 12 2
M 38.425029242356295 32.73885190024057 1 100
E 40.52117267742053 31.145497957703856 0 3 2
E 29.587118593387913 36.248049411654705 0 40 2
E 31.130303952963423 24.297659897921402 0 12 2
E 34.98014644386882 27.330386041307577 1 58 2
E 24.811253693554555 37.9875318488817 1 26 2
E 40.84933841530839 3.997959613994868 0 39 2
E 24.297659897921402 16.869696047036577 0 12 2
E 31.145497957703856 7.4788273225794715 0 3 2
E 36.248049411654705 18.41288140661209 0 40 2
E 37.9875318488817 23.188746306445445 2 26 2
E 27.330386041307577 13.019853556131178 2 58 2
M 43.65765482887292 20.33874843420265 0 42
E 46.73542062268736 5.968646454768738 0 12 2
M 32.73885190024057 9.574970757643708 2 100
M 39.36777743407946 1.8005420749182774 0 4
E 16.869696047036577 23.702340102078598 0 12 2
E 7.4788273225794715 16.854502042296144 0 3 2
E 3.997959613994868 7.150661584691616 0 39 2
M 1.8005420749182774 8.63222256592055 0 4
M 20.33874843420265 4.342345171127076 0 42
E 23.188746306445445 10.012468151118295 3 26 2
M 9.574970757643708 15.261148099759428 3 100
E 5.968646454768736 1.2645793773126428 0 12 2
E 13.019853556131178 20.669613958692423 3 58 2
E 18.41288140661209 11.751950588345293 0 40 2
E 20.669613958692423 34.98014644386882 4 58 2
E 10.012468151118295 24.81125369355455 4 26 2
M 15.261148099759424 38.425029242356295 4 100
E 23.702340102078598 31.130303952963423 0 12 2
M 4.342345171127076 27.661251565797347 0 42
E 7.15066158469161 44.002040386005135 0 39 2
E 11.751950588345293 29.587118593387913 0 40 2
E 1.2645793773126386 42.031353545231255 0 12 2
E 16.854502042296144 40.52117267742053 0 3 2
M 8.632222565920546 46.19945792508172 0 4
