E 36.74508643574917 25.20115762853206 0 35 2
M 24.029283489580575 28.867073776041092 0 16
E 30.428854250117837 41.98058376683362 0 18 2
E 43.89876515510458 27.047611084493848 0 44 2
E 41.36767458549616 37.15700181511238 0 3 2
M 29.057298078414295 33.29930601098026 1 100
E 26.996081045736588 31.181873331324294 0 8 2
E 34.09069065806969 43.39293712027562 1 51 2
E 46.55254943637029 45.052313556259 1 20 2
M 39.596170276379084 40.376202452267925 0 13
E 27.047611084493848 4.101234844895428 0 44 2
E 25.20115762853206 11.254913564250833 0 35 2
E 45.052313556259 1.4474505636297095 2 20 2
E 31.181873331324294 21.003918954263412 0 8 2
E 43.39293712027562 13.909309341930316 2 51 2
M 40.376202452267925 8.403829723620918 0 13
M 28.867073776041092 23.970716510419425 0 16
E 37.15700181511238 6.632325414503842 0 3 2
M 33.29930601098026 18.942701921585705 2 100
E 41.98058376683362 17.571145749882163 0 18 2
E 1.4474505636297095 2.9476864437409973 3 20 2
E 21.003918954263412 16.818126668675706 0 8 2
E 4.101234844895428 20.952388915506155 0 44 2
E 17.571145749882163 6.0194162331663845 0 18 2
M 23.970716510419425 19.132926223958904 0 16
E 11.254913564250833 22.79884237146794 0 35 2
M 18.942701921585705 14.700693989019737 3 100
E 6.632325414503842 10.842998184887616 0 3 2
M 8.403829723620918 7.623797547732073 0 13
E 13.909309341930314 4.607062879724383 3 51 2
M 7.62379754773207 39.59617027637908 0 13
M 14.700693989019737 29.057298078414295 4 100
E 2.947686443740993 46.552549436370285 4 20 2
M 19.132926223958904 24.029283489580575 0 16
E 22.798842371467934 36.74508643574917 0 35 2
E 20.952388915506152 43.89876515510458 0 44 2
E 4.607062879724383 34.09069065806968 4 51 2
E 10.842998184887614 41.36767458549616 0 3 2
E 16.818126668675706 26.996081045736588 0 8 2
E 6.019416233166383 30.42885425011783 0 18 2
