M 32.854086769468104 41.585159119688214 0 0
E 28.003251200994203 26.293016941658095 1 29 2
E 30.41707203846814 34.68614485066487 0 28 2
E 45.32059151948125 46.79674099953702 0 23 2
E 25.135083466753294 43.01140553736568 0 14 2
M 34.773829057379714 45.059350809285625 1 100
E 47.02366956772735 39.78794872004554 0 41 2
M 26.511879135745527 36.85700387539977 0 19
E 38.364166120050164 32.682533173810455 0 48 2
E 43.93262112531831 27.93430290954681 1 59 2
E 26.293016941658095 19.996748799005793 2 29 2
E 27.93430290954681 4.067378874681689 2 59 2
E 39.78794872004555 0.9763304322726511 0 41 2
E 43.01140553736568 22.864916533246706 0 14 2
M 45.059350809285625 13.226170942620286 2 100
E 32.682533173810455 9.635833879949836 0 48 2
M 36.85700387539977 21.488120864254473 0 19
E 34.68614485066487 17.582927961531862 0 28 2
E 46.79674099953702 2.6794084805187497 0 23 2
M 41.585159119688214 15.145913230531898 0 0
E 0.9763304322726511 8.212051279954455 0 41 2
E 22.864916533246706 4.988594462634322 0 14 2
E 19.996748799005793 21.7069830583419 3 29 2
M 15.145913230531898 6.414840880311786 0 0
E 4.067378874681689 20.06569709045319 3 59 2
E 9.635833879949836 15.317466826189541 0 48 2
E 2.6794084805187497 1.2032590004629853 0 23 2
E 17.58292796153186 13.313855149335136 0 28 2
M 21.488120864254473 11.142996124600234 0 19
M 13.226170942620282 2.9406491907143733 3 100
M 11.142996124600234 26.511879135745527 0 19
E 15.31746682618954 38.364166120050164 0 48 2
E 1.203259000462981 45.32059151948125 0 23 2
E 8.212051279954451 47.023669567727346 0 41 2
E 21.706983058341898 28.003251200994203 4 29 2
M 2.9406491907143733 34.773829057379714 4 100
E 13.313855149335135 30.417072038468138 0 28 2
E 4.988594462634322 25.135083466753294 0 14 2
M 6.414840880311783 32.8540867694681 0 0
E 20.06569709045319 43.93262112531831 4 59 2
