M 3.4690191002192976 22.590685736669293 0 37
E 13.151798734416738 20.006049403609847 1 52 2
E 4.662075287567392 16.80162213640639 0 43 2
E 11.22164936369018 20.78744358978318 0 48 2
E 1.2979165048123726 18.908186924273483 0 3 2
M 18.187786451527113 15.128516520292987 1 100
E 0.4299743487507655 23.44376428363497 0 30 2
M 15.654615258286132 12.609250654728237 0 37
E 16.842103988270644 13.792218964317154 0 51 2
E 8.994455469076463 17.791804421643274 1 57 2
E 10.848201265583262 3.993950596390151 2 52 2
E 15.005544530923538 6.208195578356725 2 57 2
E 23.57002565124923 0.556235716365029 0 30 2
E 22.702083495187626 5.0918130757265185 0 3 2
M 5.812213548472887 8.871483479707011 2 100
E 7.157896011729354 10.207781035682846 0 51 2
M 8.345384741713868 11.390749345271763 0 37
E 19.337924712432606 7.198377863593608 0 43 2
E 12.77835063630982 3.212556410216817 0 48 2
M 20.530980899780705 1.4093142633307096 0 37
