E 26.49759110400901 34.96816190579899 0 11 2
M 37.32337887184996 24.11611708077559 0 51
E 38.99792419649305 33.279459170500225 0 55 2
E 44.340433280158976 29.73736104047573 0 28 2
E 35.29583293159529 45.18724532016962 0 60 2
M 45.95589426334765 27.828360299367283 1 100
E 30.014218877573086 37.117464363082576 0 19 2
E 42.19660533194531 43.415082595366826 1 34 2
E 33.26999401794537 31.469195577646623 1 1 2
M 27.929062710306322 41.494826353966346 0 2
E 29.73736104047573 3.6595667198410284 0 28 2
E 34.96816190579899 21.50240889599099 0 11 2
E 31.469195577646627 14.730005982054625 2 1 2
E 37.117464363082576 17.985781122426914 0 19 2
E 43.415082595366826 5.803394668054699 2 34 2
M 41.494826353966346 20.07093728969368 0 2
M 24.116117080775595 10.676621128150035 0 51
E 45.18724532016962 12.704167068404706 0 60 2
M 27.82836029936729 2.0441057366523467 2 100
E 33.279459170500225 9.002075803506944 0 55 2
E 14.730005982054625 16.530804422353373 3 1 2
E 17.98578112242691 10.882535636917423 0 19 2
E 3.6595667198410284 18.262638959524267 0 28 2
E 9.002075803506944 14.720540829499777 0 55 2
M 10.676621128150035 23.88388291922441 0 51
E 21.50240889599099 13.031838094201003 0 11 2
M 2.0441057366523467 20.171639700632717 3 100
E 12.704167068404704 2.812754679830377 0 60 2
M 20.070937289693678 6.505173646033649 0 2
E 5.803394668054696 4.584917404633174 3 34 2
M 6.505173646033649 27.92906271030632 0 2
M 20.17163970063271 45.95589426334765 4 100
E 16.530804422353373 33.26999401794537 4 1 2
M 23.883882919224405 37.32337887184996 0 51
E 13.031838094201003 26.49759110400901 0 11 2
E 18.262638959524264 44.340433280158976 0 28 2
E 4.5849174046331695 42.19660533194529 4 34 2
E 2.812754679830377 35.29583293159529 0 60 2
E 10.88253563691742 30.014218877573086 0 19 2
E 14.720540829499772 38.99792419649305 0 55 2
