E 30.0859570162388 46.683543625750985 1 37 2
E 46.28592925944715 37.39257022027321 1 40 2
E 44.325542308699255 28.66022316552191 0 39 2
E 32.90487171455048 39.505611342877934 0 30 2
E 25.023719013322413 35.538179988630304 0 42 2
M 35.14787175584276 33.47963612185113 0 33
M 42.77124593601616 42.22876771594208 0 33
E 36.806218279767776 30.80856638586173 0 53 2
M 39.85170308915691 26.074647609082653 1 100
E 27.61323155129701 45.09215951773161 0 46 2
E 46.683543625750985 17.9140429837612 2 37 2
E 45.09215951773161 20.386768448702988 0 46 2
M 26.074647609082653 8.14829691084309 2 100
M 33.47963612185114 12.852128244157246 0 33
E 39.505611342877934 15.095128285449515 0 30 2
E 35.538179988630304 22.976280986677587 0 42 2
E 30.80856638586173 11.193781720232227 0 53 2
M 42.22876771594208 5.228754063983842 0 33
E 37.39257022027321 1.7140707405528475 2 40 2
E 28.660223165521916 3.674457691300745 0 39 2
M 12.852128244157246 14.520363878148867 0 33
E 15.095128285449515 8.49438865712207 0 30 2
E 17.9140429837612 1.3164563742490187 3 37 2
M 8.14829691084309 21.925352390917347 3 100
E 11.193781720232227 17.19143361413827 0 53 2
E 3.674457691300745 19.33977683447809 0 39 2
E 1.7140707405528475 10.607429779726797 3 40 2
M 5.22875406398384 5.771232284057927 0 33
E 22.976280986677587 12.461820011369692 0 42 2
E 20.386768448702988 2.907840482268388 0 46 2
M 5.771232284057922 42.77124593601615 0 33
E 17.19143361413827 36.806218279767776 0 53 2
E 19.339776834478084 44.325542308699255 0 39 2
M 14.520363878148862 35.14787175584275 0 33
E 1.3164563742490187 30.085957016238797 4 37 2
E 12.461820011369692 25.023719013322413 0 42 2
E 10.607429779726791 46.28592925944715 4 40 2
E 8.494388657122068 32.90487171455048 0 30 2
E 2.907840482268388 27.61323155129701 0 46 2
M 21.92535239091734 39.85170308915691 4 100
