E 24.217161097526528 43.409023702650146 0 27 2
E 42.01088797654003 45.922700260723815 0 53 2
M 30.096510907277512 27.7691245156084 1 100
E 46.4748960017055 38.94495847563586 1 48 2
E 36.62452006097588 41.48344221889013 0 45 2
E 28.203394627137776 30.316659201683684 0 52 2
E 39.98756236849488 34.628840222465925 0 14 2
E 43.95553840803244 33.045096206120434 1 50 2
M 38.56015161012998 26.166569752024394 0 57
M 32.06539177303121 36.68083867922452 0 59
E 41.48344221889013 11.375479939024114 0 45 2
E 45.922700260723815 5.989112023459971 0 53 2
M 36.68083867922452 15.934608226968791 0 59
E 33.045096206120434 4.044461591967568 2 50 2
M 26.166569752024394 9.43984838987003 0 57
E 43.409023702650146 23.782838902473472 0 27 2
M 27.7691245156084 17.903489092722488 2 100
E 30.316659201683684 19.796605372862224 0 52 2
E 34.628840222465925 8.012437631505119 0 14 2
E 38.94495847563586 1.5251039982945016 2 48 2
M 15.934608226968788 11.319161320775475 0 59
E 4.044461591967568 14.954903793879566 3 50 2
E 11.375479939024112 6.51655778110987 0 45 2
E 1.5251039982945016 9.055041524364142 3 48 2
M 17.903489092722488 20.2308754843916 3 100
E 5.989112023459969 2.0772997392761896 0 53 2
E 23.782838902473472 4.590976297349847 0 27 2
E 8.012437631505119 13.371159777534071 0 14 2
E 19.796605372862224 17.683340798316316 0 52 2
M 9.43984838987003 21.833430247975606 0 57
E 13.37115977753407 39.98756236849488 0 14 2
M 11.319161320775473 32.06539177303121 0 59
M 20.2308754843916 30.096510907277512 4 100
E 2.077299739276185 42.010887976540026 0 53 2
E 6.516557781109867 36.62452006097588 0 45 2
M 21.833430247975606 38.56015161012998 0 57
E 17.683340798316316 28.203394627137776 0 52 2
E 4.590976297349847 24.217161097526525 0 27 2
E 14.954903793879561 43.95553840803244 4 50 2
E 9.055041524364139 46.474896001705496 4 48 2
