E 37.451815374675036 37.24775698439621 0 36 2
E 30.183977027622053 28.47891761542934 0 52 2
M 43.15955635867154 30.548180981382025 1 100
E 39.01297312468528 26.610466107342155 1 28 2
E 25.269031365739487 38.69758089404699 0 48 2
E 32.4536380960653 46.61801974508715 0 37 2
E 28.679202970515583 31.92217170589271 0 54 2
E 46.42385915020596 40.99143254982387 1 53 2
M 26.94545132438253 33.69149290390652 0 21
M 35.32132866404989 42.75002207181501 0 4
E 38.69758089404699 22.730968634260513 0 48 2
E 28.47891761542934 17.816022972377954 0 52 2
M 42.75002207181501 12.678671335950114 0 4
E 40.99143254982387 1.5761408497940352 2 53 2
M 33.69149290390652 21.05454867561747 0 21
E 37.24775698439621 10.548184625324968 0 36 2
M 30.54818098138203 4.840443641328461 2 100
E 46.61801974508715 15.5463619039347 0 37 2
E 31.92217170589271 19.320797029484424 0 54 2
E 26.610466107342155 8.987026875314722 2 28 2
M 12.67867133595011 5.249977928184988 0 4
E 1.5761408497940352 7.008567450176136 3 53 2
E 22.730968634260513 9.302419105953001 0 48 2
E 8.987026875314722 21.389533892657848 3 28 2
M 4.840443641328461 17.451819018617975 3 100
E 17.816022972377954 19.521082384570665 0 52 2
E 10.548184625324968 10.752243015603788 0 36 2
E 19.320797029484417 16.077828294107295 0 54 2
E 15.5463619039347 1.3819802549128481 0 37 2
M 21.05454867561747 14.308507096093482 0 21
E 16.07782829410729 28.679202970515576 0 54 2
M 5.249977928184985 35.32132866404989 0 4
M 17.451819018617975 43.15955635867154 4 100
E 19.521082384570665 30.183977027622046 0 52 2
E 9.302419105953001 25.269031365739487 0 48 2
M 14.308507096093482 26.94545132438253 0 21
E 1.3819802549128481 32.45363809606529 0 37 2
E 10.752243015603787 37.45181537467503 0 36 2
E 7.008567450176132 46.42385915020596 4 53 2
E 21.389533892657845 39.01297312468528 4 28 2
