E 30.058543752027525 42.226330964143585 0 37 2
E 46.13512191302668 24.812176079554412 0 19 2
M 26.463489407056965 37.86353636699906 1 100
E 42.246549098392045 45.2281650462519 1 25 2
E 44.067149833219354 47.176043094939985 0 6 2
E 36.405335030585135 26.919856779441904 0 35 2
E 32.73731057976501 32.66678710666072 0 24 2
E 27.83279472190054 28.58864213575486 1 30 2
M 39.66101551090656 35.413547440277206 0 50
M 34.597755711767626 39.68217887172788 0 3
E 47.176043094939985 3.932850166780649 0 6 2
E 24.812176079554412 1.8648780869733272 0 19 2
M 39.68217887172788 13.402244288232371 0 3
E 28.58864213575486 20.16720527809946 2 30 2
M 35.413547440277206 8.338984489093436 0 50
E 42.226330964143585 17.941456247972475 0 37 2
M 37.86353636699906 21.53651059294304 2 100
E 26.919856779441904 11.594664969414861 0 35 2
E 32.66678710666073 15.262689420234988 0 24 2
E 45.2281650462519 5.753450901607956 2 25 2
M 13.402244288232371 8.317821128272119 0 3
E 20.16720527809946 19.41135786424514 3 30 2
E 3.932850166780649 0.8239569050600111 0 6 2
E 5.753450901607954 2.771834953748095 3 25 2
M 21.53651059294304 10.136463633000947 3 100
E 1.8648780869733272 23.187823920445588 0 19 2
E 17.94145624797247 5.773669035856417 0 37 2
E 15.262689420234988 15.333212893339276 0 24 2
E 11.594664969414861 21.080143220558096 0 35 2
M 8.338984489093436 12.586452559722796 0 50
E 15.33321289333927 32.73731057976501 0 24 2
M 8.317821128272119 34.597755711767626 0 3
M 10.136463633000947 26.46348940705696 4 100
E 23.187823920445588 46.13512191302668 0 19 2
E 0.8239569050600067 44.06714983321935 0 6 2
M 12.586452559722792 39.66101551090656 0 50
E 21.080143220558096 36.405335030585135 0 35 2
E 5.7736690358564156 30.058543752027525 0 37 2
E 19.41135786424514 27.83279472190054 4 30 2
E 2.7718349537480904 42.246549098392045 4 25 2
