E 42.99452859201242 38.88860792397702 0 20 2
M 27.583156905394468 46.34293326916899 0 31
E 46.574003150049805 40.24688557062431 0 25 2
E 44.865180262859255 36.36896871074118 0 34 2
E 32.11784096800075 42.460599860579144 0 47 2
M 36.39077704375744 28.88380439789294 1 100
E 34.42694349953136 24.324625478006574 0 48 2
E 29.589283872383866 25.960691435271222 1 1 2
E 38.543486524574185 44.82522205270358 1 17 2
M 24.904897128273088 31.515400526564484 0 60
E 36.368968710741186 3.134819737140744 0 34 2
E 38.888607923977034 5.005471407987582 0 20 2
E 44.82522205270358 9.456513475425819 2 17 2
E 24.324625478006574 13.573056500468635 0 48 2
E 25.960691435271222 18.41071612761613 2 1 2
M 31.515400526564484 23.095102871726912 0 60
M 46.34293326916899 20.41684309460553 0 31
E 42.460599860579144 15.882159031999247 0 47 2
M 28.88380439789294 11.60922295624256 2 100
E 40.24688557062431 1.4259968499501994 0 25 2
E 9.456513475425817 3.1747779472964224 3 17 2
E 13.573056500468635 23.675374521993426 0 48 2
E 3.134819737140744 11.631031289258825 0 34 2
E 1.4259968499501994 7.753114429375697 0 25 2
M 20.41684309460553 1.6570667308310092 0 31
E 5.005471407987582 9.111392076022975 0 20 2
M 11.60922295624256 19.11619560210706 3 100
E 15.882159031999247 5.539400139420854 0 47 2
M 23.095102871726912 16.484599473435516 0 60
E 18.41071612761613 22.039308564728778 3 1 2
M 16.484599473435516 24.904897128273085 0 60
M 19.11619560210706 36.39077704375744 4 100
E 3.1747779472964184 38.543486524574185 4 17 2
M 1.6570667308310092 27.583156905394468 0 31
E 9.111392076022971 42.99452859201242 0 20 2
E 11.63103128925882 44.865180262859255 0 34 2
E 22.039308564728778 29.589283872383866 4 1 2
E 5.539400139420852 32.11784096800075 0 47 2
E 23.675374521993426 34.42694349953136 0 48 2
E 7.753114429375692 46.57400315004979 0 25 2
