M 38.71537717452616 27.236690840067855 0 49
M 36.70640427690149 37.760564147636806 0 46
E 46.91578954684503 45.942641034488155 0 7 2
E 40.13826321063298 39.901900500833506 0 34 2
M 30.799554303455658 31.295758471627416 1 100
E 34.55920315909878 25.343200593526404 0 48 2
E 27.903932052001657 35.47513388006977 0 11 2
E 43.69120153367005 29.183713622999086 0 55 2
E 41.6003578886469 33.6926452119285 1 35 2
E 24.406648865573196 43.567436288906016 1 51 2
E 45.942641034488155 1.0842104531549637 0 7 2
E 29.183713622999086 4.3087984663299395 0 55 2
E 25.343200593526404 13.44079684090122 0 48 2
E 35.47513388006977 20.096067947998343 0 11 2
E 43.567436288906016 23.593351134426804 2 51 2
E 33.6926452119285 6.3996421113531055 2 35 2
M 27.23669084006786 9.284622825473837 0 49
E 39.901900500833506 7.8617367893670265 0 34 2
M 31.295758471627416 17.200445696544342 2 100
M 37.760564147636806 11.293595723098516 0 46
E 4.3087984663299395 18.816286377000914 0 55 2
E 13.44079684090122 22.656799406473596 0 48 2
E 1.0842104531549637 2.057358965511848 0 7 2
M 11.293595723098516 10.239435852363192 0 46
M 9.284622825473837 20.763309159932145 0 49
E 23.593351134426804 4.432563711093989 3 51 2
M 17.200445696544342 16.704241528372584 3 100
E 7.8617367893670265 8.098099499166498 0 34 2
E 6.3996421113531055 14.307354788071502 3 35 2
E 20.096067947998343 12.524866119930232 0 11 2
E 14.307354788071496 41.6003578886469 4 35 2
E 4.432563711093989 24.406648865573192 4 51 2
M 16.704241528372584 30.799554303455658 4 100
E 18.816286377000914 43.69120153367005 0 55 2
M 20.76330915993214 38.71537717452616 0 49
E 2.057358965511844 46.91578954684503 0 7 2
E 12.524866119930232 27.903932052001657 0 11 2
E 8.098099499166494 40.13826321063298 0 34 2
E 22.656799406473596 34.55920315909878 0 48 2
M 10.23943585236319 36.70640427690148 0 46
