E 29.03533673892111 29.568938473684643 0 8 2
E 25.330469711246355 43.432297380773434 0 13 2
M 42.763996353482945 31.934387105879853 1 100
E 40.57728917416907 24.73923120643378 1 37 2
E 26.84311961477935 33.56514479482041 0 41 2
E 31.977082699167056 40.18472203312043 0 30 2
E 44.15063243140403 41.54978111550103 0 55 2
E 38.82527310506176 45.283538044416076 1 4 2
M 45.91020268854948 35.446504865261055 0 49
M 34.44132770431774 37.42486577992253 0 15
E 33.56514479482041 21.15688038522065 0 41 2
E 43.432297380773434 22.669530288753645 0 13 2
M 37.42486577992253 13.558672295682253 0 15
E 45.283538044416076 9.174726894938237 2 4 2
M 35.44650486526106 2.0897973114505235 0 49
E 29.568938473684643 18.96466326107889 0 8 2
M 31.934387105879853 5.236003646517053 2 100
E 40.18472203312043 16.022917300832944 0 30 2
E 41.549781115501034 3.849367568595967 0 55 2
E 24.73923120643378 7.422710825830937 2 37 2
M 13.558672295682253 10.575134220077478 0 15
E 9.174726894938235 2.7164619555839282 3 4 2
E 21.15688038522065 14.434855205179582 0 41 2
E 7.422710825830937 23.26076879356622 3 37 2
M 5.236003646517053 16.06561289412015 3 100
E 22.669530288753645 4.567702619226568 0 13 2
E 18.96466326107889 18.431061526315354 0 8 2
E 3.849367568595967 6.450218884498969 0 55 2
E 16.02291730083294 7.815277966879572 0 30 2
M 2.0897973114505235 12.553495134738942 0 49
E 6.450218884498966 44.15063243140403 0 55 2
M 10.575134220077476 34.44132770431774 0 15
M 16.065612894120147 42.76399635348294 4 100
E 4.567702619226568 25.33046971124635 0 13 2
E 14.434855205179582 26.84311961477935 0 41 2
M 12.553495134738938 45.91020268854948 0 49
E 7.815277966879568 31.977082699167056 0 30 2
E 18.431061526315354 29.03533673892111 0 8 2
E 2.716461955583924 38.82527310506176 4 4 2
E 23.26076879356622 40.57728917416907 4 37 2
