E 37.93182016144152 40.20780837575054 0 22 2
M 30.235534718912795 25.785667339830134 0 29
E 24.12374183854076 32.35682608973357 0 32 2
E 27.764404932601384 30.807270651543995 0 17 2
E 43.18817447347461 46.78142551709726 0 36 2
M 41.58952714835608 27.431608629612207 1 100
E 45.48655748069343 37.52142292626776 0 38 2
E 32.632822391712054 34.639417357860495 1 53 2
E 34.60103761328977 43.59305257473206 1 56 2
M 47.131370914500074 24.272155780854945 0 3
E 30.807270651543995 20.235595067398616 0 17 2
E 40.20780837575054 10.068179838558473 0 22 2
E 43.59305257473206 13.39896238671023 2 56 2
E 37.52142292626776 2.5134425193065697 0 38 2
E 34.639417357860495 15.36717760828795 2 53 2
M 24.272155780854945 0.8686290854999242 0 3
M 25.785667339830134 17.764465281087205 0 29
E 46.78142551709726 4.811825526525386 0 36 2
M 27.431608629612207 6.4104728516439184 2 100
E 32.35682608973357 23.87625816145924 0 32 2
E 13.39896238671023 4.406947425267933 3 56 2
E 2.5134425193065697 10.478577073732243 0 38 2
E 20.235595067398616 17.192729348456 0 17 2
E 23.87625816145924 15.643173910266427 0 32 2
M 17.764465281087205 22.214332660169866 0 29
E 10.068179838558473 7.792191624249466 0 22 2
M 6.4104728516439184 20.568391370387793 3 100
E 4.811825526525384 1.2185744829027343 0 36 2
M 0.8686290854999242 23.727844219145055 0 3
E 15.36717760828795 13.360582642139502 3 53 2
M 23.727844219145048 47.131370914500074 0 3
M 20.56839137038779 41.58952714835608 4 100
E 4.406947425267933 34.60103761328976 4 56 2
M 22.214332660169866 30.235534718912795 0 29
E 7.7921916242494635 37.93182016144152 0 22 2
E 17.192729348455998 27.764404932601384 0 17 2
E 13.360582642139502 32.63282239171205 4 53 2
E 1.21857448290273 43.18817447347461 0 36 2
E 10.478577073732236 45.48655748069343 0 38 2
E 15.643173910266427 24.123741838540752 0 32 2
