E 28.000941031496204 29.169062669825017 0 10 2
M 25.62197158775814 37.64189808887455 0 49
E 41.64801500622987 39.41174897054541 0 35 2
E 24.061690976091302 46.90514302494921 0 31 2
E 34.70484396187491 45.27330084621421 0 3 2
M 45.78123809323155 24.471900779318855 1 100
E 29.89911326407276 36.24855863089042 0 57 2
E 40.06499008597042 26.68451218076291 1 1 2
E 43.58252105813326 43.250835348514364 1 53 2
M 38.33050883397798 33.550838503697015 0 25
E 46.90514302494921 23.938309023908698 0 31 2
E 29.169062669825017 19.999058968503796 0 10 2
E 43.250835348514364 4.417478941866735 2 53 2
E 36.24855863089042 18.10088673592724 0 57 2
E 26.68451218076291 7.935009914029581 2 1 2
M 33.550838503697015 9.669491166022016 0 25
M 37.64189808887455 22.37802841224186 0 49
E 45.27330084621421 13.2951560381251 0 3 2
M 24.471900779318855 2.2187619067684468 2 100
E 39.41174897054542 6.351984993770136 0 35 2
E 4.417478941866735 4.74916465148564 3 53 2
E 18.10088673592724 11.751441369109582 0 57 2
E 23.938309023908698 1.0948569750507844 0 31 2
E 6.351984993770136 8.588251029454586 0 35 2
M 22.37802841224186 10.358101911125454 0 49
E 19.999058968503796 18.83093733017498 0 10 2
M 2.2187619067684468 23.528099220681145 3 100
E 13.295156038125096 2.7266991537857947 0 3 2
M 9.669491166022016 14.449161496302986 0 25
E 7.935009914029581 21.31548781923709 3 1 2
M 14.449161496302983 38.33050883397798 0 25
M 23.528099220681142 45.78123809323155 4 100
E 4.749164651485636 43.58252105813326 4 53 2
M 10.358101911125454 25.621971587758132 0 49
E 18.830937330174976 28.000941031496204 0 10 2
E 1.0948569750507844 24.0616909760913 0 31 2
E 21.315487819237084 40.06499008597042 4 1 2
E 2.7266991537857947 34.7048439618749 0 3 2
E 11.75144136910958 29.899113264072753 0 57 2
E 8.588251029454582 41.64801500622987 0 35 2
