E 26.5614344011206 45.62959695493436 0 34 2
M 41.05433261977396 27.004226755326055 0 10
E 46.716119651329535 39.40573525490514 0 42 2
E 43.50746368965437 43.70563979594867 0 23 2
E 32.71014798640974 32.26586334241592 0 58 2
M 30.984687819418355 25.267695245931925 1 100
E 36.8071121407627 30.015542610374574 0 13 2
E 35.053275846320844 36.52196238650659 1 42 2
E 28.52127402387681 34.33162637033447 1 40 2
M 38.501136384722166 41.6043700360985 0 54
E 43.70563979594867 4.492536310345632 0 23 2
E 45.62959695493436 21.4385655988794 0 34 2
E 34.33162637033447 19.47872597612319 2 40 2
E 30.015542610374574 11.192887859237302 0 13 2
E 36.52196238650659 12.94672415367915 2 42 2
M 41.6043700360985 9.498863615277838 0 54
M 27.004226755326055 6.9456673802260385 0 10
E 32.265863342415926 15.28985201359026 0 58 2
M 25.267695245931925 17.01531218058165 2 100
E 39.40573525490514 1.2838803486704606 0 42 2
E 19.47872597612319 13.66837362966553 3 40 2
E 11.192887859237302 17.984457389625426 0 13 2
E 4.492536310345632 4.2943602040513245 0 23 2
E 1.2838803486704606 8.594264745094858 0 42 2
M 6.9456673802260385 20.995773244673945 0 10
E 21.4385655988794 2.370403045065646 0 34 2
M 17.01531218058165 22.732304754068075 3 100
E 15.28985201359026 15.734136657584083 0 58 2
M 9.498863615277838 6.395629963901506 0 54
E 12.94672415367915 11.478037613493418 3 42 2
M 6.395629963901504 38.50113638472216 0 54
M 22.732304754068075 30.984687819418355 4 100
E 13.66837362966553 28.52127402387681 4 40 2
M 20.995773244673938 41.05433261977396 0 10
E 2.370403045065646 26.561434401120597 0 34 2
E 4.29436020405132 43.507463689654365 0 23 2
E 11.478037613493417 35.053275846320844 4 42 2
E 15.734136657584079 32.71014798640974 0 58 2
E 17.984457389625426 36.8071121407627 0 13 2
E 8.594264745094854 46.716119651329535 0 42 2
