M 41.62539070717783 33.43949121845011 0 40
M 31.11812071053498 41.04007898509089 0 42
E 27.512295455013906 43.79037646685556 0 8 2
E 40.18624913729256 38.353969850079274 0 55 2
M 29.02782211056815 46.82659974439823 1 100
E 25.800776087002635 29.66016434960607 0 11 2
E 44.50450241085369 25.503320845343353 0 28 2
E 46.63739689522352 27.77819819261387 0 60 2
E 38.55622591674951 36.80489911606031 1 6 2
E 33.98992302076459 31.687786803544583 1 44 2
E 43.79037646685556 20.487704544986094 0 8 2
E 27.77819819261388 1.3626031047764813 0 60 2
E 29.66016434960607 22.199223912997365 0 11 2
E 25.50332084534336 3.4954975891463107 0 28 2
E 31.687786803544583 14.010076979235404 2 44 2
E 36.80489911606031 9.443774083250485 2 6 2
M 33.43949121845011 6.374609292822177 0 40
E 38.353969850079274 7.813750862707444 0 55 2
M 46.82659974439823 18.972177889431855 2 100
M 41.04007898509089 16.881879289465022 0 42
E 1.3626031047764813 20.22180180738613 0 60 2
E 22.199223912997365 18.339835650393926 0 11 2
E 20.487704544986094 4.2096235331444305 0 8 2
M 16.88187928946502 6.959921014909106 0 42
M 6.374609292822177 14.56050878154989 0 40
E 14.010076979235404 16.31221319645542 3 44 2
M 18.972177889431855 1.1734002556017686 3 100
E 7.813750862707444 9.64603014992073 0 55 2
E 9.443774083250485 11.195100883939686 3 6 2
E 3.4954975891463107 22.496679154656647 0 28 2
E 11.195100883939684 38.55622591674951 4 6 2
E 16.312213196455417 33.98992302076459 4 44 2
M 1.1734002556017686 29.027822110568145 4 100
E 20.22180180738612 46.63739689522352 0 60 2
M 14.560508781549885 41.62539070717783 0 40
E 4.2096235331444305 27.512295455013906 0 8 2
E 22.49667915465664 44.50450241085369 0 28 2
E 9.646030149920728 40.186249137292556 0 55 2
E 18.339835650393926 25.800776087002635 0 11 2
M 6.959921014909105 31.118120710534974 0 42
