M 30.198715325662853 38.78467054600702 0 33
E 41.16998341749695 36.81276669131521 1 27 2
E 28.34212433055317 24.340894429764035 0 27 2
E 37.151879281624986 31.119793275259603 0 47 2
E 24.26886175080411 29.198388012999562 0 43 2
M 32.668530288650835 43.76795063395787 1 100
E 44.6226825358695 45.908396981235555 0 28 2
M 39.33698072526771 40.25109363888477 0 20
E 46.37740038928083 33.79969717420945 0 18 2
E 43.0983522918079 25.862986500871568 1 2 2
E 36.81276669131521 6.830016582503046 2 27 2
E 25.862986500871568 4.901647708192105 2 2 2
E 45.908396981235555 3.3773174641305017 0 28 2
E 29.198388012999562 23.73113824919589 0 43 2
M 43.76795063395787 15.331469711349166 2 100
E 33.799697174209456 1.6225996107191734 0 18 2
M 40.25109363888477 8.6630192747323 0 20
E 24.340894429764035 19.65787566944683 0 27 2
E 31.119793275259603 10.84812071837501 0 47 2
M 38.78467054600702 17.801284674337147 0 33
E 3.3773174641305017 2.091603018764445 0 28 2
E 23.73113824919589 18.801611987000438 0 43 2
E 6.830016582503046 11.187233308684792 3 27 2
M 17.801284674337147 9.215329453992982 0 33
E 4.901647708192105 22.137013499128436 3 2 2
E 1.6225996107191734 14.200302825790548 0 18 2
E 10.84812071837501 16.880206724740397 0 47 2
E 19.65787566944683 23.659105570235965 0 27 2
M 8.6630192747323 7.7489063611152345 0 20
M 15.331469711349166 4.232049366042131 3 100
M 7.748906361115232 39.3369807252677 0 20
E 14.200302825790544 46.37740038928083 0 18 2
E 16.880206724740393 37.151879281624986 0 47 2
E 2.0916030187644408 44.62268253586949 0 28 2
E 11.18723330868479 41.16998341749695 4 27 2
M 4.232049366042131 32.668530288650835 4 100
E 23.659105570235965 28.34212433055317 0 27 2
E 18.801611987000438 24.26886175080411 0 43 2
M 9.215329453992979 30.198715325662846 0 33
E 22.137013499128432 43.0983522918079 4 2 2
