M 40.67385152635866 35.06044057166364 0 20
M 42.625719794093754 29.313888435003953 0 4
E 24.959136926024115 41.50684639930297 0 44 2
E 46.59425555306784 32.999924624258064 0 3 2
M 35.10924324655256 44.90490696893492 1 100
E 45.010709658704215 37.806718941457206 0 33 2
E 36.60410635961718 26.315724997933792 0 26 2
E 28.451388145656473 39.502778352965045 0 2 2
E 30.008443603996113 31.58497190894111 1 7 2
E 32.29861324512688 43.36164225247051 1 37 2
E 41.50684639930297 23.040863073975885 0 44 2
E 39.502778352965045 19.548611854343527 0 2 2
E 37.80671894145721 2.989290341295779 0 33 2
E 26.315724997933792 11.395893640382821 0 26 2
E 43.36164225247051 15.701386754873118 2 37 2
E 31.58497190894111 17.99155639600389 2 7 2
M 35.06044057166364 7.326148473641342 0 20
E 32.999924624258064 1.4057444469321538 0 3 2
M 44.90490696893492 12.890756753447443 2 100
M 29.313888435003957 5.37428020590625 0 4
E 19.548611854343527 8.497221647034957 0 2 2
E 2.989290341295779 10.19328105854279 0 33 2
E 23.040863073975885 6.493153600697029 0 44 2
M 5.37428020590625 18.686111564996047 0 4
M 7.326148473641342 12.939559428336358 0 20
E 15.701386754873118 4.638357747529485 3 37 2
M 12.890756753447443 3.095093031065082 3 100
E 1.4057444469321538 15.00007537574194 0 3 2
E 17.99155639600389 16.41502809105889 3 7 2
E 11.395893640382821 21.684275002066208 0 26 2
E 16.41502809105889 30.008443603996113 4 7 2
E 4.638357747529485 32.29861324512687 4 37 2
M 3.095093031065082 35.10924324655255 4 100
E 8.497221647034957 28.451388145656473 0 2 2
M 12.939559428336356 40.67385152635865 0 20
E 6.493153600697029 24.95913692602411 0 44 2
E 21.684275002066208 36.60410635961718 0 26 2
E 15.000075375741938 46.59425555306784 0 3 2
E 10.193281058542789 45.010709658704215 0 33 2
M 18.686111564996047 42.625719794093754 0 4
