M 37.93045339437556 33.975926869399345 0 35
E 25.88964361162861 38.087625426863006 1 8 2
E 46.994131112392324 47.173183002414575 0 55 2
E 44.640521902661156 32.286141939739665 0 17 2
E 32.9766991549965 24.053561689042816 0 27 2
M 34.57679046390232 35.80367610151605 1 100
E 31.03093464233707 25.98167851951221 0 17 2
M 41.063077859964025 44.54801134553143 0 30
E 27.582190959332184 40.31180677166885 0 17 2
E 42.730850458307756 29.684275817362312 1 25 2
E 38.087625426863006 22.110356388371393 2 8 2
E 29.684275817362316 5.269149541692245 2 25 2
E 25.98167851951221 16.969065357662927 0 17 2
E 24.053561689042816 15.023300845003494 0 27 2
M 35.80367610151605 13.423209536097682 2 100
E 40.31180677166885 20.417809040667816 0 17 2
M 44.54801134553143 6.936922140035972 0 30
E 47.173183002414575 1.005868887607673 0 55 2
E 32.286141939739665 3.3594780973388425 0 17 2
M 33.975926869399345 10.069546605624442 0 35
E 16.969065357662927 22.01832148048779 0 17 2
E 15.023300845003494 23.946438310957184 0 27 2
E 22.11035638837139 9.912374573136992 3 8 2
M 10.069546605624442 14.02407313060065 0 35
E 5.269149541692245 18.315724182637688 3 25 2
E 20.417809040667816 7.688193228331149 0 17 2
E 3.3594780973388425 15.713858060260335 0 17 2
E 1.005868887607673 0.8268169975854278 0 55 2
M 6.9369221400359695 3.4519886544685763 0 30
M 13.423209536097682 12.19632389848395 3 100
M 3.451988654468572 41.063077859964025 0 30
E 7.688193228331149 27.582190959332177 0 17 2
E 15.713858060260332 44.640521902661156 0 17 2
E 22.01832148048779 31.03093464233707 0 17 2
E 9.912374573136992 25.889643611628607 4 8 2
M 12.19632389848395 34.57679046390232 4 100
E 0.8268169975854235 46.99413111239232 0 55 2
E 23.946438310957177 32.9766991549965 0 27 2
M 14.024073130600646 37.93045339437556 0 35
E 18.315724182637684 42.730850458307756 4 25 2
