E 28.68528362940046 29.467430316137616 1 48 2
E 25.829232836719637 33.21125156831217 1 15 2
E 31.402638369048155 40.19143667382096 0 40 2
E 36.79639809595827 38.05551420869819 0 26 2
E 27.211672413248134 25.025079263928724 0 59 2
M 41.08894932798717 45.4859922919727 0 49
M 46.04693089757829 26.47094532956384 0 41
E 43.1994847359809 42.087237170238026 0 32 2
M 33.623968221934 35.70381174366995 1 100
E 35.34749299446862 30.90589183540261 0 18 2
E 29.467430316137616 19.31471637059954 2 48 2
E 30.905891835402617 12.652507005531387 0 18 2
M 35.70381174366995 14.376031778065997 2 100
M 45.4859922919727 6.911050672012825 0 49
E 38.05551420869819 11.203601904041731 0 26 2
E 25.025079263928728 20.788327586751866 0 59 2
E 42.087237170238026 4.800515264019098 0 32 2
M 26.47094532956384 1.9530691024217148 0 41
E 33.21125156831217 22.170767163280363 2 15 2
E 40.19143667382096 16.597361630951845 0 40 2
M 6.911050672012824 2.514007708027303 0 49
E 11.203601904041731 9.94448579130181 0 26 2
E 19.31471637059954 18.532569683862388 3 48 2
M 14.376031778065997 12.296188256330046 3 100
E 4.800515264019095 5.912762829761981 0 32 2
E 16.59736163095184 7.808563326179041 0 40 2
E 22.170767163280363 14.78874843168783 3 15 2
M 1.9530691024217148 21.52905467043616 0 41
E 20.788327586751866 22.974920736071276 0 59 2
E 12.652507005531387 17.094108164597383 0 18 2
M 21.529054670436153 46.04693089757829 0 41
E 5.912762829761976 43.1994847359809 0 32 2
E 7.808563326179038 31.402638369048155 0 40 2
M 2.514007708027299 41.08894932798717 0 49
E 18.532569683862384 28.68528362940046 4 48 2
E 22.974920736071272 27.211672413248134 0 59 2
E 14.78874843168783 25.829232836719637 4 15 2
E 9.944485791301807 36.79639809595826 0 26 2
E 17.094108164597383 35.34749299446861 0 18 2
M 12.296188256330044 33.623968221934 4 100
