E 24.398387770064843 27.683376493200843 0 19 2
M 28.54735489310668 39.629566621890774 0 55
E 33.93530725627866 34.19147429231025 0 13 2
E 26.726992409926662 24.86038600886436 0 35 2
E 41.71390927067705 42.32612164644259 0 55 2
M 40.36209184065946 45.5489208400201 1 100
E 37.23521514766162 29.85895083279446 0 33 2
E 45.455642990941186 32.43219292903992 1 37 2
E 30.389435189308312 38.067858182842215 1 28 2
M 47.045395244033664 36.459137977243486 0 26
E 24.86038600886436 21.273007590073338 0 35 2
E 27.683376493200843 23.601612229935157 0 19 2
E 38.067858182842215 17.61056481069169 2 28 2
E 29.85895083279446 10.764784852338385 0 33 2
E 32.43219292903992 2.544357009058814 2 37 2
M 36.45913797724349 0.9546047559663393 0 26
M 39.629566621890774 19.45264510689332 0 55
E 42.32612164644259 6.2860907293229475 0 55 2
M 45.5489208400201 7.637908159340546 2 100
E 34.19147429231025 14.064692743721334 0 13 2
E 17.61056481069169 9.93214181715779 3 28 2
E 10.764784852338385 18.14104916720554 0 33 2
E 21.273007590073338 23.13961399113564 0 35 2
E 14.064692743721334 13.80852570768975 0 13 2
M 19.45264510689332 8.370433378109222 0 55
E 23.601612229935157 20.316623506799154 0 19 2
M 7.637908159340543 2.451079159979892 3 100
E 6.286090729322945 5.673878353557415 0 55 2
M 0.9546047559663393 11.540862022756508 0 26
E 2.544357009058814 15.567807070960077 3 37 2
M 11.540862022756505 47.04539524403366 0 26
M 2.451079159979888 40.36209184065946 4 100
E 9.932141817157788 30.38943518930831 4 28 2
M 8.370433378109222 28.54735489310668 0 55
E 20.316623506799154 24.398387770064843 0 19 2
E 23.13961399113564 26.726992409926662 0 35 2
E 15.567807070960072 45.455642990941186 4 37 2
E 5.673878353557411 41.71390927067705 0 55 2
E 18.14104916720554 37.23521514766161 0 33 2
E 13.808525707689748 33.93530725627866 0 13 2
