M 41.547664456844345 46.73190024478492 0 48
E 24.22781771176864 24.941092591152795 1 3 2
E 40.088604236679075 31.77306141036085 0 7 2
E 26.77148258737089 26.313330707899155 0 38 2
E 28.48588466626095 28.899147490159777 0 1 2
M 38.67419945253529 34.69366394271787 1 100
E 30.025802891241597 42.39380242329115 0 34 2
M 34.078919807745365 39.47348800272907 0 32
E 32.205597518220856 44.57387324543295 0 51 2
E 44.31109084935173 33.17194800408705 1 57 2
E 24.941092591152795 23.77218228823136 2 3 2
E 33.17194800408705 3.688909150648274 2 57 2
E 42.39380242329115 17.974197108758403 0 34 2
E 28.899147490159777 19.51411533373905 0 1 2
M 34.69366394271787 9.325800547464716 2 100
E 44.57387324543295 15.794402481779144 0 51 2
M 39.47348800272907 13.921080192254639 0 32
E 31.77306141036085 7.911395763320928 0 7 2
E 26.313330707899155 21.22851741262911 0 38 2
M 46.73190024478492 6.452335543155655 0 48
E 17.974197108758403 5.606197576708848 0 34 2
E 19.51411533373905 19.100852509840223 0 1 2
E 23.77218228823136 23.058907408847205 3 3 2
M 6.452335543155653 1.2680997552150814 0 48
E 3.688909150648274 14.828051995912949 3 57 2
E 15.794402481779144 3.426126754567048 0 51 2
E 21.22851741262911 21.686669292100845 0 38 2
E 7.911395763320928 16.22693858963915 0 7 2
M 13.921080192254639 8.526511997270925 0 32
M 9.325800547464716 13.30633605728213 3 100
M 8.526511997270923 34.078919807745365 0 32
E 3.426126754567048 32.20559751822085 0 51 2
E 21.686669292100845 26.771482587370883 0 38 2
E 5.606197576708846 30.025802891241597 0 34 2
E 23.058907408847205 24.22781771176864 4 3 2
M 13.306336057282127 38.67419945253528 4 100
E 16.22693858963915 40.088604236679075 0 7 2
E 19.100852509840223 28.48588466626095 0 1 2
M 1.268099755215077 41.547664456844345 0 48
E 14.828051995912944 44.31109084935173 4 57 2
