E 26.688106703464552 35.41514024121672 1 41 2
E 41.87881876959187 29.74414397438887 1 34 2
E 32.146693019064784 27.79020881191904 0 16 2
E 40.445726682433346 41.83799240883493 0 58 2
E 38.31384766274178 47.23628735250908 0 30 2
M 24.433978282856568 25.04495254971913 0 36
M 45.70955337840073 44.42279488837541 0 15
E 36.80163696088482 33.180562709395105 0 10 2
M 34.7879308592543 38.92501121306083 1 100
E 28.101667328558413 36.8891338907241 0 32 2
E 35.41514024121672 21.31189329653545 2 41 2
E 36.8891338907241 19.898332671441587 0 32 2
M 38.92501121306083 13.212069140745694 2 100
M 25.04495254971913 23.566021717143432 0 36
E 41.83799240883493 7.554273317566652 0 58 2
E 47.23628735250908 9.686152337258221 0 30 2
E 33.18056270939511 11.198363039115177 0 10 2
M 44.42279488837541 2.2904466215992727 0 15
E 29.74414397438887 6.121181230408136 2 34 2
E 27.79020881191904 15.85330698093522 0 16 2
M 23.566021717143432 22.95504745028087 0 36
E 7.554273317566651 6.162007591165074 0 58 2
E 21.31189329653545 12.584859758783278 3 41 2
M 13.212069140745694 9.074988786939178 3 100
E 11.198363039115177 14.819437290604895 0 10 2
E 15.85330698093522 20.20979118808096 0 16 2
E 6.121181230408136 18.25585602561113 3 34 2
M 2.2904466215992727 3.5772051116245933 0 15
E 9.68615233725822 0.7637126474909166 0 30 2
E 19.898332671441587 11.110866109275893 0 32 2
M 3.577205111624589 45.70955337840073 0 15
E 14.81943729060489 36.80163696088482 0 10 2
E 20.209791188080953 32.146693019064784 0 16 2
M 22.95504745028087 24.433978282856568 0 36
E 12.584859758783278 26.68810670346455 4 41 2
E 0.7637126474909124 38.31384766274177 0 30 2
E 18.25585602561113 41.87881876959187 4 34 2
E 6.1620075911650725 40.445726682433346 0 58 2
E 11.110866109275893 28.101667328558413 0 32 2
M 9.074988786939176 34.7879308592543 4 100
