M 38.15405661690088 24.749300311072325 0 39
E 39.71215463634137 26.59820785493445 1 29 2
E 31.74696955947281 41.20584557481644 0 45 2
E 41.29419807805699 28.608886406188127 0 10 2
E 46.90485919633202 46.55158845163561 0 18 2
M 44.62084701430638 35.60813402674007 1 100
E 35.56808040272375 30.504660926601087 0 25 2
M 24.607168059918934 42.73671530753754 0 9
E 29.41855616179704 44.471944900565774 0 51 2
E 27.773433658643093 32.903249150051025 1 56 2
E 26.598207854934458 8.287845363658636 2 29 2
E 32.903249150051025 20.226566341356907 2 56 2
E 30.504660926601087 12.431919597276243 0 25 2
E 46.55158845163561 1.0951408036679822 0 18 2
M 35.60813402674007 3.3791529856936178 2 100
E 44.471944900565774 18.581443838202965 0 51 2
M 42.73671530753754 23.392831940081066 0 9
E 41.20584557481644 16.25303044052719 0 45 2
E 28.608886406188127 6.705801921943009 0 10 2
M 24.749300311072325 9.845943383099122 0 39
E 12.431919597276243 17.495339073398913 0 25 2
E 1.0951408036679822 1.4484115483643905 0 18 2
E 8.287845363658636 21.40179214506555 3 29 2
M 9.845943383099122 23.250699688927675 0 39
E 20.226566341356907 15.096750849948979 3 56 2
E 18.581443838202965 3.5280550994342263 0 51 2
E 6.705801921943009 19.391113593811873 0 10 2
E 16.25303044052719 6.794154425183555 0 45 2
M 23.392831940081066 5.263284692462467 0 9
M 3.3791529856936178 12.391865973259936 3 100
M 5.263284692462467 24.60716805991893 0 9
E 3.5280550994342263 29.418556161797028 0 51 2
E 19.391113593811873 41.29419807805699 0 10 2
E 17.49533907339891 35.56808040272375 0 25 2
E 21.401792145065542 39.71215463634137 4 29 2
M 12.39186597325993 44.62084701430638 4 100
E 6.794154425183552 31.746969559472802 0 45 2
E 1.4484115483643862 46.90485919633202 0 18 2
M 23.250699688927675 38.15405661690088 0 39
E 15.096750849948979 27.773433658643093 4 56 2
