M 46.5437979335343 43.01711120419842 0 45
M 37.00785094735744 45.92602827309318 0 2
E 44.593422753501194 37.88737825178697 0 26 2
E 38.45912931525824 28.823183770240718 0 18 2
M 26.044835001843914 24.87145925003197 1 100
E 32.42727475472005 26.285111557170943 0 26 2
E 29.653553099650072 35.96957490416261 0 36 2
E 27.504668783070052 30.26911990988294 0 21 2
E 35.12531655951722 39.98509248350895 1 7 2
E 43.05820368271225 31.64781410297316 1 59 2
E 37.88737825178697 3.406577246498803 0 26 2
E 30.26911990988294 20.495331216929944 0 21 2
E 26.285111557170943 15.572725245279944 0 26 2
E 35.96957490416261 18.346446900349928 0 36 2
E 31.647814102973165 4.9417963172877535 2 59 2
E 39.98509248350895 12.874683440482775 2 7 2
M 43.01711120419842 1.4562020664657012 0 45
E 28.823183770240718 9.540870684741764 0 18 2
M 24.87145925003197 21.955164998156086 2 100
M 45.92602827309318 10.99214905264256 0 2
E 20.495331216929944 17.73088009011706 0 21 2
E 15.572725245279944 21.714888442829057 0 26 2
E 3.406577246498803 10.112621748213034 0 26 2
M 10.992149052642556 2.073971726906824 0 2
M 1.4562020664657012 4.982888795801583 0 45
E 4.9417963172877535 16.35218589702684 3 59 2
M 21.955164998156086 23.12854074996803 3 100
E 9.540870684741764 19.176816229759282 0 18 2
E 12.874683440482775 8.014907516491045 3 7 2
E 18.346446900349928 12.030425095837385 0 36 2
E 8.014907516491043 35.12531655951722 4 7 2
E 16.352185897026835 43.05820368271225 4 59 2
M 23.12854074996803 26.044835001843914 4 100
E 17.73088009011706 27.504668783070052 0 21 2
M 4.982888795801578 46.54379793353429 0 45
E 10.112621748213028 44.593422753501194 0 26 2
E 12.030425095837385 29.653553099650065 0 36 2
E 19.17681622975928 38.45912931525824 0 18 2
E 21.71488844282905 32.42727475472005 0 26 2
M 2.0739717269068194 37.00785094735744 0 2
