M 24.45531505626039 33.32074291089548 0 19
M 46.98656372563151 24.361721817081747 0 54
E 37.68551485686921 27.738711813903013 0 45 2
E 36.181792452449166 38.55916790962495 0 36 2
M 39.140943062224544 45.85976190245541 1 100
E 42.700226700852525 31.565959329601945 0 60 2
E 44.59823163860372 43.28534554494314 0 48 2
E 32.05474814701425 26.08369671395936 0 10 2
E 27.741553377873394 30.081665557354647 1 15 2
E 30.26447072217012 35.85319928723807 1 10 2
E 27.738711813903016 10.314485143130787 0 45 2
E 26.08369671395936 15.945251852985743 0 10 2
E 31.565959329601945 5.299773299147475 0 60 2
E 43.28534554494314 3.4017683613962832 0 48 2
E 35.85319928723807 17.73552927782988 2 10 2
E 30.081665557354647 20.258446622126606 2 15 2
M 33.32074291089548 23.54468494373961 0 19
E 38.55916790962495 11.818207547550838 0 36 2
M 45.85976190245541 8.859056937775453 2 100
M 24.361721817081747 1.0134362743684862 0 54
E 15.945251852985743 21.91630328604064 0 10 2
E 5.299773299147475 16.434040670398055 0 60 2
E 10.314485143130787 20.261288186096987 0 45 2
M 1.0134362743684862 23.638278182918253 0 54
M 23.54468494373961 14.679257089104514 0 19
E 17.73552927782988 12.146800712761928 3 10 2
M 8.859056937775451 2.140238097544588 3 100
E 11.818207547550838 9.440832090375048 0 36 2
E 20.258446622126606 17.91833444264535 3 15 2
E 3.4017683613962832 4.7146544550568565 0 48 2
E 17.918334442645346 27.741553377873394 4 15 2
E 12.146800712761927 30.26447072217012 4 10 2
M 2.1402380975445836 39.140943062224544 4 100
E 21.91630328604064 32.05474814701425 0 10 2
M 14.679257089104514 24.45531505626039 0 19
E 20.261288186096984 37.68551485686921 0 45 2
E 4.714654455056852 44.598231638603714 0 48 2
E 9.440832090375045 36.18179245244916 0 36 2
E 16.434040670398048 42.700226700852525 0 60 2
M 23.63827818291825 46.98656372563151 0 54
