E 34.31515777590634 46.56952782004882 0 42 2
M 38.19794036055771 28.530283739080808 0 58
E 27.91955676034369 26.595857150824003 0 41 2
E 26.293559481061255 40.61988681384614 0 16 2
E 31.134927263426544 30.429997930191366 0 13 2
M 29.58525560718531 36.842051379425456 1 100
E 36.36322700889943 34.632086585638035 0 55 2
E 45.88497563555091 42.75178503353994 1 19 2
E 41.21987269620624 38.51286815363561 1 59 2
M 42.86366515007513 31.970662155576896 0 5
E 40.61988681384614 21.70644051893874 0 16 2
E 46.56952782004882 13.68484222409366 0 42 2
E 38.51286815363561 6.780127303793759 2 59 2
E 34.632086585638035 11.636772991100571 0 55 2
E 42.75178503353994 2.115024364449094 2 19 2
M 31.970662155576896 5.136334849924875 0 5
M 28.53028373908081 9.802059639442295 0 58
E 30.429997930191366 16.865072736573456 0 13 2
M 36.842051379425456 18.414744392814697 2 100
E 26.595857150824003 20.080443239656315 0 41 2
E 6.780127303793759 9.487131846364386 3 59 2
E 11.636772991100571 13.367913414361965 0 55 2
E 21.70644051893874 7.380113186153862 0 16 2
E 20.080443239656315 21.404142849175997 0 41 2
M 9.802059639442295 19.469716260919192 0 58
E 13.68484222409366 1.4304721799511768 0 42 2
M 18.414744392814693 11.15794862057454 3 100
E 16.865072736573456 17.57000206980863 0 13 2
M 5.136334849924875 16.029337844423107 0 5
E 2.115024364449094 5.248214966460067 3 19 2
M 16.029337844423104 42.86366515007513 0 5
M 11.15794862057454 29.585255607185303 4 100
E 9.487131846364385 41.21987269620624 4 59 2
M 19.469716260919192 38.19794036055771 0 58
E 1.4304721799511768 34.315157775906336 0 42 2
E 7.380113186153862 26.293559481061255 0 16 2
E 5.248214966460063 45.8849756355509 4 19 2
E 17.57000206980863 31.134927263426544 0 13 2
E 13.367913414361965 36.36322700889943 0 55 2
E 21.404142849175997 27.91955676034369 0 41 2
