M 40.36466655299923 30.641154939887752 0 14
E 38.785745065759386 32.06238399587204 1 31 2
E 29.066911722659277 46.68807111280074 0 45 2
E 42.416061367369814 39.957692229361406 0 25 2
E 44.03546710511863 33.501826265949404 0 1 2
M 32.90554997821367 26.421273756803004 1 100
E 35.29403501797866 28.974377164291674 0 8 2
M 46.38285456174182 43.520533629004056 0 9
E 30.973295406297364 45.07913345065167 0 21 2
E 25.52133144432449 37.15347408298684 1 33 2
E 32.06238399587204 9.214254934240618 2 31 2
E 37.15347408298684 22.478668555675515 2 33 2
E 28.974377164291674 12.705964982021348 0 8 2
E 33.50182626594941 3.96453289488138 0 1 2
M 26.421273756803004 15.09445002178633 2 100
E 45.07913345065167 17.02670459370264 0 21 2
M 43.520533629004056 1.6171454382581814 0 9
E 46.68807111280074 18.93308827734072 0 45 2
E 39.957692229361406 5.583938632630183 0 25 2
M 30.641154939887752 7.635333447000764 0 14
E 12.705964982021348 19.02562283570833 0 8 2
E 3.96453289488138 14.498173734050592 0 1 2
E 9.214254934240618 15.93761600412796 3 31 2
M 7.635333447000764 17.358845060112248 0 14
E 22.47866855567551 10.846525917013157 3 33 2
E 17.02670459370264 2.9208665493483266 0 21 2
E 5.583938632630183 8.042307770638596 0 25 2
E 18.93308827734072 1.3119288871992538 0 45 2
M 1.6171454382581814 4.479466370995946 0 9
M 15.09445002178633 21.578726243196996 3 100
M 4.479466370995942 46.382854561741816 0 9
E 2.9208665493483266 30.97329540629736 0 21 2
E 8.04230777063859 42.416061367369814 0 25 2
E 19.02562283570833 35.29403501797866 0 8 2
E 15.937616004127955 38.78574506575937 4 31 2
M 21.578726243196996 32.90554997821367 4 100
E 1.3119288871992538 29.066911722659277 0 45 2
E 14.49817373405059 44.03546710511863 0 1 2
M 17.358845060112245 40.36466655299923 0 14
E 10.846525917013157 25.521331444324485 4 33 2
