M 31.90449281968305 29.258255720239653 0 23
E 43.33989694112673 46.008816584483064 1 7 2
E 27.64434273381986 39.95336663514394 0 25 2
E 34.372799192217634 25.06121849942887 0 6 2
E 38.12758702135737 38.35004307000311 0 18 2
M 29.701270778559838 43.824257721119125 1 100
E 35.88911563196858 27.6650697130156 0 57 2
M 39.57363661485368 32.22486604675809 0 50
E 41.03977438038738 42.43131827768484 0 56 2
E 25.75395124375955 36.44509155482514 1 7 2
E 46.008816584483064 4.660103058873264 2 7 2
E 36.44509155482514 22.246048756240448 2 7 2
E 27.6650697130156 12.110884368031417 0 57 2
E 38.35004307000311 9.872412978642625 0 18 2
M 43.824257721119125 18.298729221440162 2 100
E 42.43131827768484 6.960225619612629 0 56 2
M 32.22486604675809 8.426363385146317 0 50
E 39.95336663514394 20.35565726618014 0 25 2
E 25.06121849942887 13.627200807782367 0 6 2
M 29.258255720239653 16.09550718031695 0 23
E 12.110884368031417 20.3349302869844 0 57 2
E 9.872412978642625 9.649956929996893 0 18 2
E 4.660103058873264 1.9911834155169301 3 7 2
M 16.09550718031695 18.74174427976035 0 23
E 22.246048756240448 11.554908445174856 3 7 2
E 6.960225619612627 5.568681722315159 0 56 2
E 13.627200807782367 22.93878150057113 0 6 2
E 20.35565726618014 8.046633364856058 0 25 2
M 8.426363385146317 15.775133953241914 0 50
M 18.298729221440162 4.175742278880871 3 100
M 15.77513395324191 39.57363661485368 0 50
E 5.568681722315157 41.03977438038737 0 56 2
E 22.93878150057113 34.372799192217634 0 6 2
E 20.334930286984395 35.88911563196858 0 57 2
E 1.991183415516926 43.339896941126725 4 7 2
M 4.175742278880871 29.70127077855983 4 100
E 8.046633364856058 27.64434273381986 0 25 2
E 9.649956929996893 38.12758702135737 0 18 2
M 18.741744279760347 31.90449281968305 0 23
E 11.554908445174856 25.75395124375955 4 7 2
