E 45.329139960705646 39.044713796829704 1 40 2
E 41.0672848223676 34.584632335184914 1 9 2
E 34.19894944304032 26.74854942714266 0 51 2
E 32.46839753663237 37.21126514297794 0 56 2
E 25.45901583293176 43.11244322765359 0 30 2
M 36.236239127157205 29.945703741427412 0 41
M 27.714989384638955 24.88356792789571 0 50
E 30.904032091201476 45.5814242636573 0 26 2
M 43.728135740928636 41.758757902444614 1 100
E 29.08719786776597 31.697633277639778 0 49 2
E 39.04471379682972 2.6708600392943493 2 40 2
E 31.697633277639778 18.91280213223403 0 49 2
M 41.758757902444614 4.271864259071362 2 100
M 29.945703741427415 11.763760872842791 0 41
E 37.21126514297794 15.531602463367628 0 56 2
E 43.11244322765359 22.54098416706824 0 30 2
E 45.5814242636573 17.095967908798528 0 26 2
M 24.88356792789571 20.285010615361042 0 50
E 34.584632335184914 6.932715177632406 2 9 2
E 26.74854942714266 13.801050556959684 0 51 2
M 11.763760872842791 18.054296258572588 0 41
E 15.531602463367625 10.78873485702206 0 56 2
E 2.6708600392943493 8.95528620317029 3 40 2
M 4.271864259071362 6.241242097555384 3 100
E 17.095967908798524 2.4185757363427056 0 26 2
E 13.801050556959684 21.25145057285734 0 51 2
E 6.932715177632406 13.415367664815085 3 9 2
M 20.285010615361042 23.11643207210429 0 50
E 22.54098416706824 4.887556772346412 0 30 2
E 18.91280213223403 16.302366722360226 0 49 2
M 23.11643207210429 27.714989384638955 0 50
E 2.4185757363427056 30.90403209120147 0 26 2
E 21.25145057285734 34.19894944304032 0 51 2
M 18.054296258572585 36.236239127157205 0 41
E 8.955286203170285 45.329139960705646 4 40 2
E 4.887556772346412 25.459015832931755 0 30 2
E 13.415367664815083 41.0672848223676 4 9 2
E 10.788734857022058 32.46839753663237 0 56 2
E 16.302366722360222 29.08719786776597 0 49 2
M 6.2412420975553795 43.728135740928636 4 100
