E 33.30064034826447 25.236569647498083 0 10 2
M 26.478040083643414 38.40573287927686 0 53
E 35.03332374651651 44.18091013808019 0 11 2
E 43.39169529155609 26.892007109389386 0 45 2
E 24.033190489683573 34.52857326704714 0 18 2
M 40.63531966798872 41.95654316562333 1 100
E 28.790859728060138 46.952833889436725 0 21 2
E 46.28281212931523 45.581141028806705 1 9 2
E 31.78809934330742 30.75569762137932 1 27 2
M 36.97284126357152 32.97682584468119 0 37
E 26.892007109389386 4.608304708443915 0 45 2
E 25.236569647498087 14.699359651735529 0 10 2
E 30.75569762137932 16.211900656692585 2 27 2
E 46.952833889436725 19.209140271939866 0 21 2
E 45.581141028806705 1.7171878706847636 2 9 2
M 32.97682584468119 11.027158736428479 0 37
M 38.40573287927686 21.521959916356586 0 53
E 34.52857326704714 23.966809510316427 0 18 2
M 41.95654316562333 7.364680332011288 2 100
E 44.18091013808019 12.966676253483493 0 11 2
E 16.211900656692585 17.244302378620684 3 27 2
E 19.209140271939866 1.0471661105632761 0 21 2
E 4.608304708443915 21.107992890610614 0 45 2
E 12.96667625348349 3.819089861919801 0 11 2
M 21.521959916356586 9.59426712072314 0 53
E 14.699359651735529 22.763430352501917 0 10 2
M 7.364680332011287 6.043456834376667 3 100
E 23.966809510316427 13.471426732952859 0 18 2
M 11.027158736428479 15.023174155318817 0 37
E 1.7171878706847636 2.4188589711932975 3 9 2
M 15.023174155318813 36.97284126357151 0 37
M 6.043456834376665 40.63531966798871 4 100
E 17.24430237862068 31.788099343307415 4 27 2
M 9.59426712072314 26.478040083643407 0 53
E 22.763430352501913 33.30064034826447 0 10 2
E 21.10799289061061 43.39169529155609 0 45 2
E 2.4188589711932935 46.28281212931523 4 9 2
E 13.471426732952859 24.033190489683573 0 18 2
E 1.0471661105632761 28.790859728060134 0 21 2
E 3.819089861919801 35.0333237465165 0 11 2
