E 25.692708474172406 28.073699955319547 1 8 2
E 44.968142904296805 41.58003449364642 1 16 2
E 32.070954694620376 33.092167450402805 0 52 2
E 38.92115663953558 45.38847449443288 0 6 2
E 43.352188632896365 26.470174628937123 0 44 2
M 41.06309750049472 37.952144936376 0 41
M 35.325674224729745 40.14120147493846 0 48
E 33.751171810551185 35.00853391513791 0 3 2
M 29.04813144490263 31.516878033504582 1 100
E 24.095384790670977 43.39380752429694 0 18 2
E 28.073699955319547 22.307291525827594 2 8 2
E 43.39380752429694 23.904615209329023 0 18 2
M 31.516878033504582 18.95186855509737 2 100
M 37.952144936376 6.936902499505282 0 41
E 45.38847449443288 9.078843360464418 0 6 2
E 26.470174628937123 4.647811367103631 0 44 2
E 35.00853391513791 14.248828189448812 0 3 2
M 40.14120147493846 12.674325775270253 0 48
E 41.58003449364643 3.0318570957031996 2 16 2
E 33.092167450402805 15.929045305379626 0 52 2
M 6.936902499505282 10.047855063624 0 41
E 9.078843360464415 2.6115255055671214 0 6 2
E 22.307291525827594 19.926300044680453 3 8 2
M 18.95186855509737 16.483121966495418 3 100
E 14.248828189448812 12.991466084862092 0 3 2
E 15.929045305379622 14.907832549597194 0 52 2
E 3.0318570957031996 6.419965506353573 3 16 2
M 12.674325775270253 7.858798525061542 0 48
E 4.647811367103631 21.529825371062877 0 44 2
E 23.904615209329023 4.606192475703059 0 18 2
M 7.858798525061539 35.325674224729745 0 48
E 12.991466084862088 33.751171810551185 0 3 2
E 14.907832549597192 32.07095469462037 0 52 2
M 10.047855063623999 41.06309750049472 0 41
E 19.926300044680453 25.692708474172406 4 8 2
E 21.529825371062877 43.352188632896365 0 44 2
E 6.419965506353568 44.96814290429679 4 16 2
E 2.611525505567117 38.92115663953558 0 6 2
E 4.606192475703059 24.095384790670977 0 18 2
M 16.483121966495418 29.04813144490263 4 100
