E 28.376385393375056 32.83601045302542 0 11 2
M 24.22794504087495 38.05045255668688 0 35
E 42.03971827906198 46.643762674920616 0 52 2
E 33.78439733256475 24.50036439108292 0 53 2
E 40.49702197920419 27.26535023275509 0 57 2
M 31.33646581103212 43.2444483733597 1 100
E 35.825065589908505 29.58521269710277 0 48 2
E 43.619060183267834 35.02109617129599 1 25 2
E 37.75269863586852 40.627863393124855 1 8 2
M 45.90264842016303 30.93811130107926 0 0
E 24.500364391082922 14.215602667435244 0 53 2
E 32.83601045302542 19.623614606624944 0 11 2
E 40.627863393124855 10.247301364131483 2 8 2
E 29.585212697102776 12.174934410091499 0 48 2
E 35.02109617129599 4.380939816732169 2 25 2
M 30.93811130107926 2.097351579836969 0 0
M 38.05045255668688 23.77205495912505 0 35
E 27.26535023275509 7.502978020795811 0 57 2
M 43.2444483733597 16.66353418896788 2 100
E 46.643762674920616 5.960281720938021 0 52 2
E 10.247301364131483 7.372136606875147 3 8 2
E 12.174934410091499 18.414787302897228 0 48 2
E 14.215602667435244 23.49963560891708 0 53 2
E 5.960281720938019 1.3562373250793827 0 52 2
M 23.77205495912505 9.949547443313119 0 35
E 19.623614606624944 15.163989546974573 0 11 2
M 16.66353418896788 4.755551626640292 3 100
E 7.502978020795811 20.734649767244914 0 57 2
M 2.097351579836969 17.06188869892074 0 0
E 4.380939816732169 12.978903828704011 3 25 2
M 17.061888698920733 45.90264842016303 0 0
M 4.755551626640292 31.33646581103212 4 100
E 7.372136606875145 37.75269863586852 4 8 2
M 9.949547443313119 24.22794504087495 0 35
E 15.163989546974573 28.376385393375056 0 11 2
E 23.499635608917078 33.78439733256475 0 53 2
E 12.978903828704006 43.619060183267834 4 25 2
E 20.73464976724491 40.49702197920419 0 57 2
E 18.414787302897224 35.825065589908505 0 48 2
E 1.3562373250793782 42.03971827906198 0 52 2
