E 36.07620129913094 32.63939286930289 0 29 2
E 41.40558535583316 30.716736976546144 0 16 2
M 37.66197288434131 29.353257460640314 1 100
E 25.199349392935357 41.56650281507932 1 14 2
E 27.640734726756353 44.86544355251723 0 22 2
E 30.779695820879475 27.631180237358485 0 36 2
E 43.40091640616449 37.214744103292254 0 3 2
E 40.03757188395882 33.99605363175068 1 1 2
M 34.70251810320674 39.87751619483098 0 53
M 46.87238689227896 25.211685959736332 0 12
E 44.86544355251723 20.359265273243647 0 22 2
E 30.716736976546144 6.594414644166845 0 16 2
M 25.211685959736336 1.1276131077210407 0 12
E 33.99605363175068 7.962428116041184 2 1 2
M 39.87751619483098 13.297481896793263 0 53
E 32.63939286930289 11.923798700869058 0 29 2
M 29.353257460640314 10.338027115658685 2 100
E 27.631180237358485 17.22030417912052 0 36 2
E 37.21474410329226 4.599083593835512 0 3 2
E 41.56650281507932 22.800650607064643 2 14 2
M 1.1276131077210407 22.788314040263668 0 12
E 7.962428116041184 14.003946368249325 3 1 2
E 20.359265273243647 3.134556447482768 0 22 2
E 22.800650607064643 6.433497184920677 3 14 2
M 10.338027115658685 18.646742539359686 3 100
E 6.594414644166845 17.283263023453863 0 16 2
E 11.923798700869058 15.36060713069711 0 29 2
E 4.599083593835512 10.785255896707746 0 3 2
E 17.22030417912052 20.368819762641515 0 36 2
M 13.297481896793263 8.12248380516902 0 53
E 10.785255896707742 43.400916406164484 0 3 2
M 22.788314040263664 46.87238689227896 0 12
M 18.646742539359682 37.66197288434131 4 100
E 17.28326302345386 41.405585355833146 0 16 2
E 3.134556447482768 27.640734726756353 0 22 2
M 8.122483805169018 34.70251810320674 0 53
E 20.368819762641515 30.779695820879475 0 36 2
E 15.36060713069711 36.076201299130936 0 29 2
E 14.003946368249325 40.03757188395882 4 1 2
E 6.433497184920677 25.199349392935353 4 14 2
