M 39.1917954378831 36.1025533795324 0 23
M 29.223492038903913 40.680640424433484 0 32
E 24.955565093436007 24.072235428187078 0 36 2
E 32.11449735031945 42.77016306275742 0 57 2
M 36.36451874329079 33.5428271929157 1 100
E 34.40564937817068 46.48646921178759 0 5 2
E 41.28830017149584 25.987493129003326 0 41 2
E 45.71434311269315 28.758098937809297 0 40 2
E 43.01054165525387 38.53451041184253 1 53 2
E 27.053712393121494 31.45443021812657 1 52 2
E 24.072235428187078 23.044434906563993 0 36 2
E 28.7580989378093 2.2856568873068555 0 40 2
E 46.48646921178759 13.59435062182932 0 5 2
E 25.987493129003326 6.711699828504154 0 41 2
E 31.45443021812657 20.946287606878506 2 52 2
E 38.53451041184254 4.989458344746135 2 53 2
M 36.1025533795324 8.808204562116895 0 23
E 42.77016306275742 15.885502649680546 0 57 2
M 33.5428271929157 11.635481256709209 2 100
M 40.680640424433484 18.776507961096087 0 32
E 2.2856568873068555 19.241901062190703 0 40 2
E 13.594350621829317 1.5135307882124067 0 5 2
E 23.044434906563993 23.927764571812922 0 36 2
M 18.776507961096087 7.31935957556652 0 32
M 8.808204562116895 11.8974466204676 0 23
E 20.946287606878506 16.54556978187343 3 52 2
M 11.635481256709209 14.4571728070843 3 100
E 15.885502649680546 5.229836937242584 0 57 2
E 4.989458344746135 9.465489588157466 3 53 2
E 6.711699828504154 22.012506870996674 0 41 2
E 9.465489588157462 43.01054165525387 4 53 2
E 16.54556978187343 27.053712393121494 4 52 2
M 14.457172807084296 36.36451874329079 4 100
E 19.2419010621907 45.71434311269315 0 40 2
M 11.897446620467598 39.1917954378831 0 23
E 23.927764571812922 24.955565093436007 0 36 2
E 22.012506870996674 41.28830017149584 0 41 2
E 5.229836937242582 32.114497350319446 0 57 2
E 1.5135307882124067 34.40564937817068 0 5 2
M 7.31935957556652 29.223492038903906 0 32
