M 42.49893239422401 35.12406939962774 0 18
M 27.064219756243837 39.87236173544726 0 52
E 25.024904655215643 41.89303911646061 0 26 2
E 46.527222055072244 36.70259588617055 0 40 2
M 34.944216577867735 24.609849040452342 1 100
E 30.975980891476354 38.47142501895271 0 42 2
E 39.87907442784887 44.00931985420568 0 29 2
E 44.05368133762973 29.670981722366594 0 27 2
E 32.98843742939342 32.53560392424483 1 15 2
E 37.35396329863857 26.79608601842072 1 33 2
E 41.89303911646061 22.975095344784357 0 26 2
E 29.670981722366594 3.9463186623702624 0 27 2
E 38.47142501895271 17.024019108523643 0 42 2
E 44.00931985420568 8.120925572151132 0 29 2
E 26.79608601842072 10.646036701361428 2 33 2
E 32.53560392424483 15.011562570606577 2 15 2
M 35.12406939962774 5.501067605775985 0 18
E 36.70259588617055 1.4727779449277534 0 40 2
M 24.60984904045235 13.055783422132262 2 100
M 39.87236173544726 20.935780243756163 0 52
E 3.9463186623702624 18.32901827763341 0 27 2
E 17.02401910852364 9.528574981047289 0 42 2
E 22.975095344784357 6.106960883539392 0 26 2
M 20.935780243756163 8.127638264552749 0 52
M 5.501067605775985 12.87593060037226 0 18
E 10.646036701361428 21.20391398157928 3 33 2
M 13.055783422132262 23.390150959547658 3 100
E 1.4727779449277534 11.297404113829455 0 40 2
E 15.011562570606577 15.464396075755166 3 15 2
E 8.120925572151128 3.9906801457943275 0 29 2
E 15.464396075755166 32.98843742939342 4 15 2
E 21.203913981579277 37.35396329863857 4 33 2
M 23.39015095954765 34.944216577867735 4 100
E 18.329018277633406 44.05368133762973 0 27 2
M 12.875930600372254 42.49893239422401 0 18
E 6.106960883539392 25.024904655215643 0 26 2
E 3.990680145794323 39.87907442784887 0 29 2
E 11.29740411382945 46.527222055072244 0 40 2
E 9.528574981047285 30.975980891476354 0 42 2
M 8.127638264552749 27.064219756243837 0 52
