E 40.044847336681585 25.750042823705247 0 30 2
E 35.118286898949535 41.89786447133998 0 54 2
M 24.324055376945715 39.48015611695654 1 100
E 37.0837656503405 44.20481917740807 1 9 2
E 29.25064093453119 27.21032234460484 0 9 2
E 26.44742784547924 34.202018868989185 0 16 2
E 41.8283450252689 36.43221967928575 0 1 2
E 33.42312661948999 31.911723378220387 1 50 2
M 46.20280465284521 46.5130664911823 0 50
M 43.53310088741862 29.058480643072066 0 40
E 27.21032234460484 18.74935906546881 0 9 2
E 41.89786447133998 12.88171310105047 0 54 2
M 29.058480643072066 4.466899112581385 0 40
E 31.911723378220387 14.576873380510008 2 50 2
M 46.5130664911823 1.797195347154792 0 50
E 25.750042823705247 7.955152663318411 0 30 2
M 39.48015611695654 23.675944623054285 2 100
E 34.202018868989185 21.55257215452076 0 16 2
E 36.43221967928575 6.1716549747311 0 1 2
E 44.20481917740807 10.916234349659499 2 9 2
M 4.466899112581385 18.941519356927934 0 40
E 14.576873380510008 16.088276621779617 3 50 2
E 18.74935906546881 20.78967765539516 0 9 2
E 10.916234349659495 3.795180822591931 3 9 2
M 23.675944623054285 8.519843883043452 3 100
E 12.881713101050469 6.1021355286600265 0 54 2
E 7.955152663318411 22.249957176294753 0 30 2
E 6.1716549747311 11.567780320714247 0 1 2
E 21.55257215452076 13.797981131010818 0 16 2
M 1.797195347154792 1.4869335088176938 0 50
E 11.567780320714244 41.8283450252689 0 1 2
M 18.94151935692793 43.53310088741862 0 40
M 8.519843883043452 24.324055376945715 4 100
E 6.102135528660025 35.11828689894953 0 54 2
E 20.78967765539516 29.25064093453119 0 9 2
M 1.4869335088176896 46.20280465284521 0 50
E 13.797981131010818 26.44742784547924 0 16 2
E 22.249957176294753 40.044847336681585 0 30 2
E 16.088276621779613 33.42312661948999 4 50 2
E 3.7951808225919264 37.0837656503405 4 9 2
