M 29.551875824989246 28.087500032084495 0 17
E 36.288750364975165 31.56400149602639 1 48 2
E 38.363906438061356 33.42439165862813 0 0 2
E 34.152339847684296 25.646688923263515 0 38 2
E 31.98810033644893 46.76081953290855 0 0 2
M 40.05683317664591 37.38559969821536 1 100
E 44.49973352207779 35.15424435395888 0 6 2
M 26.095219771795986 41.9423875812481 0 17
E 46.33160637277195 44.982848861035166 0 8 2
E 43.09603507681585 39.38796501934397 1 38 2
E 31.56400149602639 11.711249635024839 2 48 2
E 39.38796501934397 4.903964923184153 2 38 2
E 35.15424435395889 3.5002664779222172 0 6 2
E 46.76081953290855 16.011899663551073 0 0 2
M 37.38559969821536 7.943166823354088 2 100
E 44.982848861035166 1.6683936272280462 0 8 2
M 41.9423875812481 21.904780228204014 0 17
E 33.42439165862813 9.636093561938644 0 0 2
E 25.646688923263515 13.847660152315706 0 38 2
M 28.087500032084495 18.448124175010754 0 17
E 3.5002664779222172 12.845755646041113 0 6 2
E 16.01189966355107 1.2391804670914497 0 0 2
E 11.711249635024839 16.43599850397361 3 48 2
M 18.448124175010754 19.912499967915508 0 17
E 4.903964923184153 8.61203498065603 3 38 2
E 1.6683936272280462 3.017151138964837 0 8 2
E 13.847660152315706 22.353311076736485 0 38 2
E 9.636093561938644 14.57560834137187 0 0 2
M 21.904780228204014 6.0576124187519085 0 17
M 7.943166823354088 10.61440030178464 3 100
M 6.0576124187519085 26.09521977179598 0 17
E 3.017151138964833 46.33160637277195 0 8 2
E 22.353311076736485 34.152339847684296 0 38 2
E 12.845755646041109 44.49973352207779 0 6 2
E 16.435998503973607 36.28875036497516 4 48 2
M 10.614400301784638 40.05683317664591 4 100
E 14.57560834137187 38.36390643806135 0 0 2
E 1.2391804670914497 31.98810033644893 0 0 2
M 19.912499967915508 29.551875824989246 0 17
E 8.612034980656025 43.09603507681585 4 38 2
