M 24.3647736372422 46.76834814018251 0 4
E 26.374091762319743 34.08324608941432 1 1 2
E 39.62511068305058 28.73636851685949 0 56 2
E 43.99693539058025 32.62363797782194 0 27 2
E 33.63804707554899 44.48600703477979 0 11 2
M 34.99498394879447 36.20011876503703 1 100
E 45.58281129318445 26.35343444122509 0 9 2
M 29.900159119709592 30.501343238022535 0 58
E 37.87321299496876 42.633253624574856 0 11 2
E 41.49857554008021 39.50790935812877 1 11 2
E 34.08324608941432 21.625908237680257 2 1 2
E 39.50790935812877 6.501424459919782 2 11 2
E 26.35343444122509 2.4171887068155558 0 9 2
E 44.48600703477979 14.361952924451009 0 11 2
M 36.20011876503703 13.005016051205534 2 100
E 42.633253624574856 10.126787005031243 0 11 2
M 30.501343238022535 18.099840880290404 0 58
E 28.736368516859493 8.37488931694942 0 56 2
E 32.62363797782194 4.003064609419754 0 27 2
M 46.76834814018251 23.6352263627578 0 4
E 2.4171887068155558 21.64656555877491 0 9 2
E 14.361952924451009 3.5139929652202158 0 11 2
E 21.625908237680257 13.91675391058568 3 1 2
M 23.6352263627578 1.2316518598174966 0 4
E 6.501424459919782 8.492090641871235 3 11 2
E 10.126787005031243 5.36674637542515 0 11 2
E 4.003064609419754 15.376362022178053 0 27 2
E 8.37488931694942 19.26363148314051 0 56 2
M 18.099840880290404 17.498656761977465 0 58
M 13.005016051205534 11.799881234962966 3 100
M 17.498656761977465 29.900159119709592 0 58
E 5.366746375425148 37.87321299496875 0 11 2
E 15.376362022178052 43.99693539058025 0 27 2
E 21.646565558774903 45.58281129318445 0 9 2
E 13.91675391058568 26.37409176231974 4 1 2
M 11.799881234962964 34.99498394879446 4 100
E 19.263631483140507 39.62511068305058 0 56 2
E 3.5139929652202158 33.63804707554899 0 11 2
M 1.2316518598174966 24.364773637242198 0 4
E 8.492090641871231 41.49857554008021 4 11 2
