E 37.82232380627326 38.656217786247495 1 54 2
E 41.19152430842769 40.289777550274195 1 17 2
E 26.692719731799492 25.7338773290674 0 41 2
E 31.227532689185843 36.16694718981531 0 52 2
E 42.79087744083819 44.419099965175675 0 25 2
M 29.38488547707495 27.820540564692237 0 60
M 39.55940113888507 30.69057025091605 0 41
E 45.2067199528898 24.36213943594604 0 31 2
M 24.424127031786718 34.01615210269408 1 100
E 33.624865431876536 32.18669750234423 0 21 2
E 38.656217786247495 10.177676193726736 2 54 2
E 32.18669750234423 14.375134568123462 0 21 2
M 34.01615210269408 23.575872968213282 2 100
M 27.820540564692237 18.615114522925055 0 60
E 36.16694718981531 16.772467310814157 0 52 2
E 44.419099965175675 5.209122559161818 0 25 2
E 24.362139435946045 2.793280047110204 0 31 2
M 30.69057025091605 8.440598861114925 0 41
E 40.289777550274195 6.808475691572309 2 17 2
E 25.7338773290674 21.307280268200508 0 41 2
M 18.615114522925055 20.179459435307766 0 60
E 16.772467310814157 11.833052810184693 0 52 2
E 10.177676193726736 9.343782213752501 3 54 2
M 23.575872968213282 13.983847897305917 3 100
E 2.793280047110204 23.63786056405396 0 31 2
E 21.307280268200508 22.2661226709326 0 41 2
E 6.808475691572309 7.710222449725802 3 17 2
M 8.440598861114925 17.30942974908395 0 41
E 5.209122559161815 3.580900034824322 0 25 2
E 14.375134568123462 15.81330249765577 0 21 2
M 17.309429749083943 39.55940113888507 0 41
E 23.637860564053955 45.2067199528898 0 31 2
E 22.2661226709326 26.692719731799492 0 41 2
M 20.179459435307766 29.384885477074942 0 60
E 9.343782213752501 37.82232380627326 4 54 2
E 3.5809000348243174 42.79087744083817 0 25 2
E 7.7102224497258 41.19152430842769 4 17 2
E 11.833052810184691 31.227532689185843 0 52 2
E 15.813302497655766 33.624865431876536 0 21 2
M 13.983847897305917 24.424127031786714 4 100
