loadtime 3000
turntime 1000
turns 10

M 11.613591 11.658737 0 119
M 1.290286 9.040786 1 100
M 21.936895 14.276689 2 100
E 5.648358 18.265992 1 21 2
E 17.578824 5.051482 2 21 2
E 0.000000 17.566463 0 32 2
E 23.227182 5.751012 0 32 2
M 15.996407 22.492537 0 60
M 7.230774 0.824938 0 60
E 12.096861 23.317475 0 74 2
E 11.130321 0.000000 0 74 2
E 5.905729 2.482273 0 85 2
E 17.321452 20.835201 0 85 2
E 18.286013 0.765778 0 72 2
E 4.941168 22.551697 0 72 2
E 20.106711 18.059385 0 9 2
E 3.120471 5.258090 0 9 2
E 4.594839 13.786000 0 69 2
E 18.632343 9.531475 0 69 2
M 8.801192 20.015703 1 41
M 14.425990 3.301771 2 41
E 19.466787 20.056168 0 35 2
E 3.760394 3.261307 0 35 2
ready
