E 11.014548 9.362856 1 363 2
M 5.518446 18.725713 1 505
M 16.510650 0.000000 2 158
E 18.571299 14.374196 1 190 2
E 3.457797 4.351517 1 248 2
E 10.563623 5.157520 2 39 2
E 11.465473 13.568193 1 265 2
E 1.122518 14.327445 1 283 2
E 20.906578 4.398268 1 230 2
E 2.735221 10.897241 1 217 2
E 19.293876 7.828472 1 180 2
E 19.940382 3.913752 1 182 2
E 2.088715 14.811961 1 232 2
E 10.654937 7.393663 1 221 2
E 11.374159 11.332050 1 347 2
E 16.387644 16.285006 1 167 2
E 5.641453 2.440707 2 177 2
E 7.885087 13.891297 1 0 2
E 14.144009 4.834416 1 181 2
M 3.859973 0.272837 2 200
M 18.169124 18.452876 1 654
E 0.000000 11.421529 1 215 2
E 22.029096 7.304184 2 135 2
F 1 2 4 1 15 1
F 2 2 7 19 15 1
F 1 2 8 20 15 1
F 1 2 11 20 15 1
F 2 2 16 19 3 2
F 1 2 17 1 6 5
F 1 2 18 20 15 14
F 1 2 21 1 10 9
F 2 2 22 2 10 9
go