E 39.61518811667438 39.875447757295035 0 11 2
E 61.52643485845819 63.93742375459512 0 57 2
M 58.64140554713258 58.099385631209984 1 100
E 66.42114767428566 44.932853582483546 1 37 2
E 56.39274140031527 50.01876765752841 0 51 2
E 69.62893806458561 69.69788485568537 0 31 2
E 52.21328070318616 52.308010991621344 0 48 2
E 49.475395083277014 47.51891720509407 1 18 2
M 54.35656094682347 41.9333820735682 0 49
M 46.442424171905685 36.0951987555512 0 42
E 58.33697962132892 25.34875172328453 0 51 2
E 72.95773611699931 27.862170821824144 0 57 2
M 41.30365662666885 27.0041947678126 0 42
E 52.713372465339624 30.089424134397223 2 18 2
M 50.31674007948098 23.06944293071765 0 49
E 41.16383026719412 34.80687913014789 0 11 2
M 66.45933213822295 27.44166043440228 2 100
E 81.99769337111925 23.725427761618057 0 31 2
E 58.229792155533026 30.112892528163428 0 48 2
E 58.94665196786042 14.120940093032498 2 37 2
M 30.86123245476316 26.908996012261394 0 42
E 39.2379773820626 18.57050692930315 3 18 2
E 37.944238221013634 11.32998406575612 0 51 2
E 28.525504293574762 5.188086510548951 3 37 2
M 43.81792659109037 5.342274803192288 3 100
E 47.431301258541126 -0.07525293277097944 0 57 2
E 37.54864215051975 30.93143137285285 0 11 2
E 42.01651145234687 13.80488153654208 0 48 2
E 48.368755306533636 -9.972457094067313 0 31 2
M 31.960179132657515 17.136060857149452 0 49
E 19.786719296813835 19.69198900837865 0 48 2
M 25.557575828094315 35.9048012444488 0 42
M 13.358594452867418 13.900614368790011 4 100
E 10.47356514154181 8.062576245404879 0 57 2
E 15.607258599684718 21.981232342471596 0 51 2
M 17.643439053176532 30.066617926431803 0 49
E 2.3710619354143874 2.302115144314635 0 31 2
E 32.38481188332562 32.124552242704965 0 11 2
E 22.524604916722982 24.481082794905927 4 18 2
E 5.578852325714342 27.067146417516454 4 37 2
E -9.997693371119258 48.274572238381936 0 31 2
E 30.836169732805878 37.19312086985211 0 11 2
E 13.663020378671087 46.65124827671547 0 51 2
E -0.9577361169993104 44.13782917817584 0 57 2
E 19.286627534660376 41.91057586560278 5 18 2
M 30.69634337333115 44.9958052321874 0 42
M 21.683259920519014 48.930557069282344 0 49
E 13.770207844466967 41.88710747183656 0 48 2
E 13.053348032139578 57.8790599069675 5 37 2
M 5.540667861777052 44.558339565597706 5 100
E 23.631244693466332 81.97245709406732 0 31 2
M 40.03982086734247 54.863939142850555 0 49
E 24.56869874145886 72.07525293277098 0 57 2
M 28.18207340890961 66.65772519680772 6 100
E 34.05576177898636 60.67001593424387 0 51 2
M 41.13876754523683 45.0910039877386 0 42
E 43.47449570642522 66.81191348945104 6 37 2
E 34.45135784948025 41.06856862714715 0 11 2
E 29.98348854765312 58.195118463457916 0 48 2
E 32.76202261793738 53.42949307069686 6 18 2
