M 65.3682256384405 56.441814931138516 0 31
E 47.5269898315795 41.36412388724143 1 40 2
E 45.341859973394335 51.99409611296521 0 60 2
E 40.47840354223883 38.84123679420429 0 38 2
E 60.71910730513008 65.83082538811217 0 27 2
M 58.50742011359871 69.91023300837627 1 100
E 54.419674317538785 58.665126339267246 0 29 2
M 37.42063973447654 36.114977557204256 0 2
E 50.42152401097886 43.692636782678015 0 20 2
E 67.76495027738268 47.82030960509936 1 8 2
E 46.40896247118777 28.699395920307968 2 40 2
E 62.1191635373046 14.400900912386723 2 8 2
E 64.83841234855863 31.380657281209256 0 29 2
E 74.19380625452797 29.508037808939946 0 27 2
M 76.62083329030283 33.46311891216282 2 100
E 49.872780881375185 27.35691223654407 0 20 2
M 36.809893352642234 34.827178678919864 0 2
E 54.52222353109498 35.9067600009261 0 60 2
E 40.699785013067384 33.542207161125106 0 38 2
M 68.38724384904626 20.787277998606317 0 31
E 46.418738031019856 8.715530941942006 0 29 2
E 49.474698949397904 -0.3227875791722269 0 27 2
E 34.88197263960827 23.33527203306653 3 40 2
M 39.01901821060575 0.34546306746780076 0 31
E 30.354213259921913 2.580591307287365 3 8 2
E 35.451256870396335 19.664275453866047 0 20 2
E 36.221381470828554 30.700970366920814 0 38 2
E 45.18036355770066 19.912663887960885 0 60 2
M 35.38925361816569 34.71220112171561 0 2
M 54.113413176704114 -0.44711409621345266 3 100
M 34.57936026552346 35.885022442795744 0 2
E 21.578475989021143 28.307363217321985 0 20 2
E 31.52159645776117 33.15876320579571 0 38 2
E 17.580325682461222 13.33487366073275 0 29 2
E 24.473010168420505 30.63587611275857 4 40 2
M 13.492579886401291 2.089766991623727 4 100
E 26.65814002660567 20.00590388703479 0 60 2
E 11.280892694869921 6.169174611887824 0 27 2
M 6.6317743615594935 15.558185068861485 0 31
E 4.235049722617314 24.17969039490064 4 8 2
E 17.477776468905017 36.0932399990739 0 60 2
E 25.59103752881223 43.300604079692036 5 40 2
E 22.127219118624808 44.643087763455924 0 20 2
E -2.1938062545279733 42.49196219106004 0 27 2
E 9.880836462695394 57.599099087613276 5 8 2
E 7.161587651441368 40.61934271879074 0 29 2
M -4.62083329030282 38.53688108783716 5 100
M 35.190106647357766 37.172821321080136 0 2
E 31.30021498693261 38.457792838874894 0 38 2
M 3.612756150953738 51.21272200139367 0 31
M 36.61074638183431 37.28779887828439 0 2
E 26.819636442299338 52.08733611203911 0 60 2
M 17.886586823295865 72.44711409621344 6 100
E 37.11802736039172 48.66472796693347 6 40 2
E 25.581261968980133 63.284469058057994 0 29 2
M 32.98098178939423 71.65453693253218 0 31
E 35.77861852917144 41.299029633079186 0 38 2
E 36.548743129603665 52.33572454613395 0 20 2
E 22.52530105060208 72.32278757917223 0 27 2
E 41.645786740078066 69.41940869271265 6 8 2
