E 53.84857190924775 55.59152532476962 0 11 2
E 66.58755833437823 67.90673115560074 0 59 2
M 51.67578705869592 41.60665772748309 1 100
E 62.962856719507315 50.03745023535161 1 27 2
E 70.46924069146893 47.522043372976235 0 15 2
E 44.0192538162176 44.86606716019152 0 30 2
E 41.946653374347946 36.0111032281603 0 38 2
E 57.51600259670313 39.266041440759885 1 40 2
M 59.98579053110659 70.27991088523741 0 2
M 47.61207182241328 52.78678601329085 0 49
E 63.21300261023803 11.90978359851574 0 15 2
E 78.92581889965977 25.46376302049039 0 59 2
M 56.343819046609816 34.337043817866075 0 49
E 49.58647615586236 18.999615883743083 2 40 2
M 77.68016893163562 32.36765151282816 0 2
E 61.891044584760536 30.338445967702945 0 11 2
M 48.693401551672636 25.22769904659554 2 100
E 47.68786630049361 33.48815605585601 0 30 2
E 38.98294236482481 30.855598724394373 0 38 2
E 61.63821686792802 19.668206239982524 2 27 2
M 44.731747224196546 17.550257804575217 0 49
E 28.07047355915923 15.733574442983194 3 40 2
E 28.7437619187691 0.3877402255395069 0 15 2
E 34.6753601484207 5.630756004630902 3 27 2
M 33.01761449297673 19.621041319112454 3 100
E 48.338260565281544 -6.442968135110348 0 59 2
E 44.0424726755128 10.746920642933317 0 11 2
E 33.03628899047686 30.84449549623407 0 38 2
E 39.66861248427602 24.622088895664493 0 30 2
M 53.694378400529025 -1.9122593724092638 0 2
E 30.053346625652058 35.9888967718397 0 38 2
M 24.387928177586723 19.213213986709146 0 49
M 20.32421294130409 30.39334227251691 4 100
E 5.412441665621767 4.093268844399264 0 59 2
E 1.5307593085310742 24.477956627023765 0 15 2
M 12.014209468893403 1.7200891147625774 0 2
E 27.9807461837824 27.133932839808477 0 30 2
E 18.15142809075225 16.408474675230373 0 11 2
E 14.483997403296865 32.733958559240115 4 40 2
E 9.037143280492682 21.962549764648383 4 27 2
E 24.312133699506383 38.51184394414398 0 30 2
E 10.108955415239448 41.66155403229705 0 11 2
E 8.786997389761968 60.09021640148425 0 15 2
E -6.925818899659779 46.5362369795096 0 59 2
E 22.413523844137636 53.00038411625692 5 40 2
M 15.656180953390185 37.662956182133925 0 49
M -5.680168931635617 39.632348487171825 0 2
E 33.01705763517519 41.14440127560563 0 38 2
E 10.361783132071983 52.33179376001747 5 27 2
M 23.306598448327353 46.772300953404454 5 100
E 32.331387515723975 47.37791110433551 0 30 2
M 18.305621599470953 73.91225937240925 0 2
E 23.66173943471843 78.44296813511033 0 59 2
M 38.98238550702326 52.37895868088756 6 100
E 43.256238081230876 71.61225977446051 0 15 2
M 27.26825277580345 54.449742195424776 0 49
E 37.324639851579285 66.36924399536909 6 27 2
E 27.957527324487188 61.25307935706668 0 11 2
E 38.96371100952314 41.155504503765926 0 38 2
E 43.92952644084076 56.2664255570168 6 40 2
