E 63.70825382437569 60.92328296124259 0 40 2
M 70.79400607708246 43.05007245686699 0 59
E 55.93715315502957 52.581680717184234 0 29 2
E 39.78100114283388 36.04121060279752 0 24 2
E 44.07588318441783 47.182880398432225 0 16 2
M 46.29380497320333 50.0260046961485 1 100
E 60.18613668517978 66.00828904643038 0 48 2
E 53.83396492420767 63.55609844312304 1 49 2
E 51.584018169835076 56.018076036426336 1 8 2
M 58.153222471507135 40.54689806924556 0 17
E 37.92619000034487 32.74616225996663 0 24 2
E 71.43832310233178 24.465589774204638 0 40 2
E 61.128171467351265 32.51288239009772 2 8 2
E 74.08100898090491 30.05833573444675 0 48 2
E 68.78126374303321 34.333382546997065 2 49 2
M 51.014340472138635 19.08819559860931 0 17
M 59.502544884709 9.392543066249948 0 59
E 49.72260010473427 34.5975202035147 0 16 2
M 53.2937788670661 34.09830573967758 2 100
E 60.328733316038914 27.024759247195448 0 29 2
E 45.54415329751618 12.494806353671382 3 8 2
E 49.894872295725136 0.0500466880163728 0 48 2
E 34.14518885751099 32.704951657169104 0 24 2
E 40.391580161009344 10.443078530011203 0 29 2
M 24.70853880762656 2.3424706093829526 0 59
E 43.730069277956105 -0.45769318703796313 0 40 2
M 42.99997389386277 20.07230104352908 3 100
E 41.646716920316436 23.41463980508248 0 16 2
M 28.861118000631507 14.541297529363757 0 17
E 50.947298818825544 6.777284103874021 3 49 2
M 13.846777528492861 31.453101930754446 0 17
M 25.70619502679667 21.973995303851503 4 100
E 20.415981830164924 15.98192396357366 4 8 2
M 1.205993922917537 28.949927543133008 0 59
E 8.291746175624317 11.076717038757405 0 40 2
E 32.21899885716612 35.95878939720248 0 24 2
E 18.16603507579233 8.44390155687696 4 49 2
E 27.924116815582163 24.817119601567775 0 16 2
E 11.813863314820221 5.991710953569622 0 48 2
E 16.062846844970434 19.41831928281576 0 29 2
E 22.27739989526573 37.402479796485295 0 16 2
E 34.07380999965513 39.25383774003337 0 24 2
E 0.5616768976682096 47.534410225795355 0 40 2
E -2.0810089809049117 41.941664265553236 0 48 2
E 10.871828532648744 39.48711760990227 5 8 2
E 3.21873625696679 37.66661745300293 5 49 2
M 20.98565952786136 52.91180440139069 0 17
M 18.706221132933898 37.901694260322415 5 100
E 11.67126668396109 44.97524075280454 0 29 2
M 12.49745511529097 62.60745693375005 0 59
M 43.138881999368486 57.458702470636254 0 17
E 30.353283079683557 48.58536019491753 0 16 2
E 21.052701181174438 65.22271589612598 6 49 2
E 28.269930722043874 72.45769318703796 0 40 2
M 47.29146119237342 69.65752939061706 0 59
E 37.85481114248901 39.295048342830896 0 24 2
E 26.455846702483807 59.50519364632861 6 8 2
E 31.608419838990642 61.55692146998879 0 29 2
M 29.000026106137216 51.92769895647092 6 100
E 22.105127704274846 71.9499533119836 0 48 2
