E 62.632729127217274 54.257126059850904 0 12 2
M 47.98028348180719 44.66692958174044 0 43
E 67.45202849176131 58.446125224368245 0 9 2
E 64.93553799057587 66.27554585627107 0 8 2
E 52.48748079015485 60.54800710405486 0 21 2
M 54.810492489659865 47.938718998281736 1 100
E 45.899857685453966 51.696389539591124 0 51 2
E 60.35684611913839 37.28984343165497 1 21 2
E 70.6125984510796 41.952449861450425 1 36 2
M 57.68015885101105 69.37203062030017 0 44
E 76.68716082025935 26.078861956127106 0 8 2
E 65.12749953153443 22.06394303364554 0 12 2
E 58.46127202030904 9.000835381100353 2 36 2
E 54.54340093170922 35.27466652034182 0 51 2
E 49.2954602382869 15.551274220585231 2 21 2
M 75.74110571855763 33.91044698709247 0 44
M 49.49592293150165 29.95823495108611 0 43
E 65.5029381594698 33.995426343345414 0 21 2
M 55.74448018598582 25.67899514539904 2 100
E 71.16492890671024 19.984806937766866 0 9 2
E 23.848673569229426 3.048385519649922 3 36 2
E 44.64354324625526 19.578276980750683 0 51 2
E 47.751622829683505 -4.196683900143951 0 8 2
E 39.712900414948926 -2.4613182866013803 0 9 2
M 37.51563944969446 21.291305369345665 0 43
E 38.49477040431715 3.806816973794631 0 12 2
M 36.933987696325964 13.7402761471173 3 100
E 49.015457369314966 9.447419239290543 0 21 2
M 54.060946867546576 0.5384163667922962 0 44
E 24.938614119148518 14.261430788930252 3 21 2
M 14.319841148988942 2.627969379699831 0 44
M 17.18950751034014 24.061281001718264 4 100
E 1.3874015489203828 30.047550138549575 4 36 2
M 24.01971651819281 27.33307041825956 0 43
E 9.36727087278273 17.742873940149092 0 12 2
E 7.064462009424136 5.724454143728946 0 8 2
E 11.643153880861615 34.71015656834503 4 21 2
E 19.512519209845152 11.451992895945132 0 21 2
E 26.10014231454603 20.303610460408873 0 51 2
E 4.547971508238686 13.553874775631758 0 9 2
E 6.497061840530191 38.00457365665458 0 21 2
E -4.687160820259369 45.92113804387289 0 8 2
E 6.872500468465574 49.93605696635446 0 12 2
E 17.45659906829077 36.725333479658175 0 51 2
E 13.538727979690947 62.999164618899634 5 36 2
E 22.70453976171309 56.44872577941477 5 21 2
M -3.741105718557639 38.089553012907515 0 44
M 16.25551981401417 46.32100485460096 5 100
E 0.835071093289757 52.01519306223313 0 9 2
M 22.50407706849834 42.04176504891389 0 43
M 17.93905313245339 71.4615836332077 0 44
E 22.98454263068502 62.55258076070944 0 21 2
E 47.06138588085147 57.73856921106976 6 21 2
E 33.50522959568283 68.19318302620538 0 12 2
M 34.48436055030552 50.708694630654335 0 43
E 24.24837717031647 76.19668390014394 0 8 2
E 48.15132643077056 68.95161448035007 6 36 2
E 32.287099585051045 74.46131828660138 0 9 2
M 35.06601230367402 58.259723852882715 6 100
E 27.356456753744727 52.421723019249306 0 51 2
