E 66.5703458050192 42.3045963902652 0 35 2
M 69.62450876552148 65.83797985502338 0 9
E 64.24016686588982 51.46403004487322 0 30 2
E 39.60702643128944 39.937044667652856 0 4 2
E 46.52817544123868 47.75924383406667 0 5 2
M 54.57076749960562 44.38571797794488 1 100
E 52.07055244907578 54.91608217745238 0 57 2
E 62.08593247741692 37.5202878710373 1 33 2
E 57.84415456742562 69.28954177567113 1 55 2
M 49.5146198297765 59.215148925642666 0 36
E 41.21309391366616 34.84474581220785 0 4 2
E 56.745113537086944 12.67760212551092 0 35 2
E 75.75166614178734 33.7271781082511 2 55 2
E 60.41708393028572 31.54053441497635 0 57 2
E 50.359574156092116 14.16906372867005 2 33 2
M 62.86221863713381 35.903570367745964 0 36
M 78.6527029348193 21.799311146797553 0 9
E 51.44789161021661 32.761954529421196 0 5 2
M 52.54762854767496 24.110102566539556 2 100
E 63.512326296690944 19.275313109464463 0 30 2
E 53.90751157436172 0.4376363325799801 3 55 2
E 44.346531481209944 12.624452237523967 0 57 2
E 37.606067482376716 30.907701144554995 0 4 2
E 35.272159430801125 3.8112830645912332 0 30 2
M 45.028194169297834 -8.038668708225826 0 9
E 26.17476773206774 6.373005735245714 0 35 2
M 33.97686104806934 15.724384588594669 3 100
E 40.91971616897792 21.002710695354523 0 5 2
M 49.347598807357315 12.6884214421033 0 36
E 24.273641678675197 12.648775857632755 3 33 2
M 22.4853801702235 12.78485107435734 0 36
M 17.429232500394377 27.614282022055114 4 100
E 14.155845432574376 2.710458224328876 4 55 2
M 2.3754912344785124 6.162020144976622 0 9
E 5.429654194980786 29.695403609734797 0 35 2
E 32.39297356871056 32.062955332347144 0 4 2
E 9.914067522583073 34.4797121289627 4 33 2
E 25.471824558761316 24.240756165933327 0 5 2
E 19.92944755092423 17.083917822547615 0 57 2
E 7.759833134110181 20.53596995512677 0 30 2
E 20.552108389783392 39.2380454705788 0 5 2
E 30.78690608633384 37.15525418779215 0 4 2
E 15.254886462913044 59.32239787448907 0 35 2
E 11.582916069714287 40.45946558502364 0 57 2
E -3.751666141787345 38.27282189174888 5 55 2
E 21.640425843907867 57.830936271329946 5 33 2
M 9.137781362866187 36.09642963225403 0 36
M 19.452371452325036 47.88989743346044 5 100
E 8.487673703309051 52.72468689053553 0 30 2
M -6.652702934819322 50.200688853202436 0 9
M 22.65240119264267 59.31157855789669 0 36
E 31.08028383102207 50.99728930464548 0 5 2
E 47.72635832132479 59.35122414236726 6 33 2
E 45.82523226793224 65.6269942647543 0 35 2
M 26.97180583070214 80.03866870822583 0 9
E 34.393932517623284 41.09229885544501 0 4 2
E 18.09248842563826 71.56236366742 6 55 2
E 36.727840569198854 68.18871693540878 0 30 2
M 38.02313895193065 56.27561541140534 6 100
E 27.65346851879004 59.375547762476025 0 57 2
