E 65.37408128360367 62.25885139348329 1 53 2
E 62.21736849881388 44.014342281419594 1 29 2
E 70.29502835190753 68.18244306438902 0 42 2
E 50.128728689986765 38.89581330060276 0 50 2
E 39.914361129825046 36.53111528022327 0 24 2
M 67.40839080921326 57.813231578748685 0 5
M 58.53756886188023 46.646593574748195 0 13
E 46.48590025328307 41.26804131707835 0 10 2
M 54.753853733266375 53.790633385847414 1 100
E 43.83323729673414 48.718850347043976 0 15 2
E 73.42787302275877 23.690725092311855 2 53 2
E 50.93146615583967 35.575642680678484 0 15 2
M 60.78406732819261 28.6540029410574 2 100
M 70.59500809043593 19.70615145660599 0 5
E 45.57221222793224 25.212068681594808 0 50 2
E 38.417139889923966 32.87562146209679 0 24 2
E 45.80520773541741 29.552964657646363 0 10 2
M 56.48900493044024 21.805189613444675 0 13
E 56.04930825974005 17.30226400035908 2 29 2
E 81.01832742556098 22.39085575593502 0 42 2
M 39.18661728122269 -2.1070801221427 0 5
E 31.443483537945475 22.31625538099205 0 50 2
E 44.0537917391551 -2.5681263011714335 3 53 2
M 42.030213594926245 10.86336955520998 3 100
E 35.319307482134356 24.28492334056801 0 10 2
E 46.72329907365344 -9.791587308453996 0 42 2
E 29.831939760926172 9.287921718939486 3 29 2
M 33.95143606856 11.158596038696476 0 13
E 34.50277876009892 32.34450618187352 0 24 2
E 43.09822885910553 22.85679233363451 0 15 2
M 13.46243113811976 25.3534064252518 0 13
E 25.51409974671693 30.73195868292165 0 10 2
E 1.704971648092466 3.817556935610985 0 42 2
M 4.591609190786748 14.186768421251312 0 5
E 6.625918716396325 9.741148606516708 4 53 2
E 32.085638870174954 35.46888471977673 0 24 2
E 9.782631501186115 27.985657718580406 4 29 2
E 21.871271310013235 33.10418669939724 0 50 2
E 28.166762703265857 23.281149652956028 0 15 2
M 17.246146266733625 18.209366614152586 4 100
E 15.950691740259947 54.697735999640905 5 29 2
E -1.4278730227587786 48.309274907688135 5 53 2
E 26.19479226458258 42.44703534235364 0 10 2
E 26.427787772067763 46.787931318405185 0 50 2
M 11.215932671807385 43.345997058942594 5 100
M 1.4049919095640617 52.29384854339399 0 5
E 33.582860110076034 39.12437853790321 0 24 2
E 21.068533844160328 36.424357319321516 0 15 2
M 15.510995069559755 50.19481038655532 0 13
E -9.018327425560978 49.60914424406497 0 42 2
M 38.048563931439986 60.84140396130353 0 13
E 42.16806023907382 62.712078281060506 6 29 2
E 28.901771140894454 49.14320766636549 0 15 2
E 37.49722123990107 39.65549381812648 0 24 2
E 27.946208260844873 74.56812630117143 6 53 2
M 32.8133827187773 74.10708012214269 0 5
E 25.27670092634653 81.791587308454 0 42 2
E 36.68069251786564 47.71507665943199 0 10 2
E 40.55651646205452 49.68374461900795 0 50 2
M 29.969786405073744 61.13663044479002 6 100
