M 61.41848643200935 50.71689102503998 0 29
E 58.04370413508612 58.52434550175915 1 24 2
E 68.32622032287915 48.566451076275165 0 20 2
E 42.70215991441614 40.17807134412736 0 43 2
E 70.67829676429403 61.18517082535641 0 56 2
M 65.06814046675689 63.37512098082607 1 100
E 54.328537275357064 66.85894164865519 0 33 2
M 49.83585559690865 46.50616377837694 0 13
E 40.029577837851754 37.7800440152926 0 3 2
E 46.93688880912919 43.38905113629147 1 28 2
E 66.52850747568422 28.171764976386925 2 24 2
E 47.867550398455286 30.222902021074127 2 28 2
E 71.8888960393156 35.55649192965836 0 33 2
E 75.15014611555637 18.560299454823884 0 56 2
M 74.2416204344462 24.513812405427124 2 100
E 39.55635225602372 33.40030523353991 0 3 2
M 52.01653252684865 29.270879459172466 0 13
E 63.04597602890817 14.28789753019144 0 20 2
E 42.96939588004616 32.28479492595356 0 43 2
M 61.45444470841651 21.34539053664982 0 29
E 53.56035876395852 4.697550281003172 0 33 2
E 40.47184935126235 -6.624871370532534 0 56 2
E 44.48480334059811 5.647419474627785 3 24 2
M 36.03595827640716 6.628499511609841 0 29
E 36.9306615893261 22.833850884782656 3 28 2
E 35.526774418171975 31.620261218247315 0 3 2
E 36.267235965630015 28.10672358182621 0 43 2
E 30.719755706029026 1.721446453916272 0 20 2
M 38.18067692994 18.764715680795533 0 13
M 45.17347996768932 -2.8613085753989447 3 100
M 22.164144403091345 25.493836221623067 0 13
E 31.970422162148246 34.2199559847074 0 3 2
E 29.297840085583857 31.821928655872643 0 43 2
E 17.67146272464293 5.141058351344807 0 33 2
E 13.956295864913887 13.475654498240857 4 24 2
M 6.931859533243115 8.624879019173928 4 100
E 3.6737796771208453 23.433548923724832 0 20 2
E 1.3217032357059737 10.814829174643586 0 56 2
M 10.581513567990651 21.283108974960022 0 29
E 25.063111190870817 28.610948863708522 4 28 2
E 8.954023971091818 57.712102469808556 0 20 2
E 5.471492524315772 43.82823502361306 5 24 2
E 32.44364774397627 38.59969476646008 0 3 2
E -3.1501461155563772 53.43970054517611 0 56 2
E 24.132449601544714 41.777097978925866 5 28 2
E 0.11110396068442085 36.44350807034162 0 33 2
M -2.241620434446208 47.486187594572854 5 100
M 19.983467473151343 42.72912054082753 0 13
E 29.030604119953843 39.71520507404644 0 43 2
M 10.545555291583488 50.65460946335017 0 29
M 33.81932307005999 53.23528431920447 0 13
E 41.28024429397095 70.27855354608373 0 20 2
M 26.826520032310658 74.86130857539895 6 100
E 27.515196659401862 66.35258052537222 6 24 2
E 18.439641236041464 67.30244971899683 0 33 2
M 35.96404172359282 65.37150048839015 0 29
E 35.73276403436997 43.89327641817379 0 43 2
E 36.473225581828025 40.379738781752685 0 3 2
E 31.528150648737626 78.62487137053253 0 56 2
E 35.06933841067389 49.166149115217344 6 28 2
