E 68.464677494351 52.51336720710795 0 2 2
M 66.32429710103676 64.74048203462193 0 8
E 57.073167276565314 68.73553544803218 0 31 2
E 54.98021041855058 60.97279739017951 0 53 2
E 52.57459177459541 39.20587257372274 0 20 2
M 45.144097888823865 47.60532177595159 1 100
E 42.881015863045484 36.92152713002195 0 48 2
E 63.66790321442319 43.47265717827598 1 56 2
E 59.47509538501148 57.86509652788349 1 52 2
M 47.21718335933855 54.74618586585153 0 52
E 67.11718215273247 32.04905430345089 0 53 2
E 66.53333425055186 16.141448167777078 0 2 2
E 66.67327674185177 26.60251930425897 2 52 2
E 40.23857383639832 30.50162902376988 0 48 2
E 56.30546255737073 15.77522153599838 2 56 2
M 57.84326486356149 35.658727184830525 0 52
M 76.05213610951125 24.108629375906325 0 8
E 47.0636629774374 23.248918752705144 0 20 2
M 50.622552421478744 33.883639821562674 2 100
E 74.88638894276451 34.117869524311594 0 31 2
E 43.198181356840294 4.737422776375484 3 52 2
E 33.35755797335283 29.58010189374793 0 48 2
E 48.1369717341819 7.076256913271386 0 53 2
E 53.81322166619922 1.382334076279426 0 31 2
M 45.7278390084745 -4.631852658715612 0 8
E 34.068656756200866 -0.371919039330875 0 2 2
M 41.47845453265488 22.278318045611087 3 100
E 30.489071202841995 20.0430461789824 0 20 2
M 46.626081504222945 16.91254131897898 0 52
E 28.637559342947554 8.3025643577224 3 56 2
M 24.782816640661455 17.25381413414846 0 52
M 26.855902111176135 24.394678224048413 4 100
E 12.524904614988525 14.134903472116514 4 52 2
M 5.675702898963234 7.259517965378066 0 8
E 3.5353225056490016 19.486632792892056 0 2 2
E 17.01978958144943 11.027202609820495 0 53 2
E 8.332096785576812 28.527342821724016 4 56 2
E 19.42540822540459 32.79412742627726 0 20 2
E 29.118984136954516 35.07847286997805 0 48 2
E 14.926832723434686 3.2644645519678237 0 31 2
E 24.93633702256259 48.75108124729485 0 20 2
E 4.88281784726753 39.9509456965491 0 53 2
E 5.466665749448124 55.858551832222915 0 2 2
E 31.76142616360168 41.49837097623012 0 48 2
E 5.326723258148234 45.39748069574102 5 52 2
E 15.694537442629255 56.22477846400161 5 56 2
M 14.156735136438508 36.34127281516947 0 52
M 21.377447578521252 38.11636017843732 5 100
E -2.8863889427645333 37.882130475688385 0 31 2
M -4.0521361095112525 47.89137062409366 0 8
M 25.373918495777044 55.087458681021005 0 52
E 41.510928797158 51.9569538210176 0 20 2
E 43.36244065705243 63.697435642277604 6 56 2
E 37.931343243799105 72.37191903933088 0 2 2
M 26.27216099152549 76.6318526587156 0 8
E 23.86302826581808 64.9237430867286 0 53 2
E 28.80181864315969 67.26257722362452 6 52 2
E 18.18677833380076 70.61766592372058 0 31 2
M 30.521545467345113 49.721681954388906 6 100
E 38.64244202664717 42.41989810625207 0 48 2
