M 65.96127812329792 60.521145310176244 0 51
E 56.25129056849287 41.234043542920304 1 56 2
E 70.67362958763383 67.32428042272178 0 19 2
E 58.37329637429366 53.798675917936734 0 21 2
E 44.031297692179955 49.30848044194344 0 15 2
M 47.57886356806945 43.327186376304745 1 100
E 50.43078679379785 38.371410541296086 0 43 2
M 53.256874715536654 51.612146910756756 0 38
E 38.37815133780976 36.08696863371939 0 11 2
E 60.77003093535632 64.64787989559184 1 10 2
E 50.658459956929335 21.078889679725123 2 56 2
E 73.1948072218262 28.87246390525093 2 10 2
E 45.269095168463544 24.68827731062212 0 43 2
E 51.54113099458134 35.698932394188546 0 15 2
M 48.13496132417788 29.636003191250104 2 100
E 37.26439271503829 33.98394484427249 0 11 2
M 58.14895319009842 28.861181561798286 0 38
E 80.46443739516153 21.633896147058266 0 19 2
E 62.60075368580637 25.523494932431795 0 21 2
M 72.21657383015125 22.313344670461184 0 51
E 30.8383083746657 22.316866769326033 0 43 2
E 43.50983330240139 22.390451952245108 0 15 2
E 30.40716938843646 15.844846136804813 3 56 2
M 42.255295706853325 -2.2078006397150602 0 51
E 48.42477628646987 0.2245840096590932 3 10 2
E 34.88624137722853 33.8969762105531 0 11 2
E 40.22745731151271 7.7248190144950515 0 21 2
E 45.79080780752772 -9.690384275663526 0 19 2
M 40.892078474561785 13.249034651041526 0 38
M 36.55609775610843 22.308816814945356 3 100
M 18.743125284463353 20.38785308924324 0 38
E 33.62184866219024 35.91303136628061 0 11 2
E 13.626703625706346 18.20132408206326 0 21 2
E 21.56921320620215 33.628589458703914 0 43 2
E 15.748709431507127 30.7659564570797 4 56 2
M 24.42113643193055 28.672813623695255 4 100
E 1.326370412366184 4.675719577278216 0 19 2
E 27.968702307820045 22.691519558056566 0 15 2
M 6.038721876702086 11.478854689823757 0 51
E 11.22996906464368 7.352120104408163 4 10 2
E -8.464437395161543 50.36610385294172 0 19 2
E 21.341540043070662 50.92111032027488 5 56 2
E 34.7356072849617 38.01605515572751 0 11 2
E 20.458869005418652 36.30106760581145 0 15 2
E -1.1948072218261898 43.12753609474906 5 10 2
E 26.730904831536453 47.31172268937788 0 43 2
M 23.865038675822113 42.36399680874989 5 100
M 13.851046809901566 43.13881843820171 0 38
E 9.399246314193636 46.4765050675682 0 21 2
M -0.2165738301512377 49.6866553295388 0 51
M 31.1079215254382 58.750965348958474 0 38
E 26.209192192472255 81.69038427566352 0 19 2
M 35.44390224389156 49.69118318505465 6 100
E 41.59283061156353 56.15515386319519 6 56 2
E 41.1616916253343 49.683133230673974 0 43 2
M 29.74470429314665 74.20780063971506 0 51
E 31.77254268848727 64.27518098550495 0 21 2
E 37.11375862277147 38.1030237894469 0 11 2
E 28.490166697598596 49.609548047754885 0 15 2
E 23.575223713530114 71.7754159903409 6 10 2
