E 41.82450422543404 39.6308269994044 0 21 2
E 45.080888678875276 41.84519819644551 0 45 2
M 63.74792275362229 36.53793937013843 1 100
E 55.35078660214117 49.832330153557734 1 59 2
E 50.5309314748797 57.49524005047142 0 59 2
E 59.415192654542224 55.12231874319025 0 42 2
E 48.23139779977241 46.38247573454057 0 17 2
E 69.88115846531875 52.532573254053354 1 24 2
M 52.674180664346636 59.85068610590802 0 22
M 66.70866468887232 44.303474190646675 0 1
E 61.88088968159282 34.16346422733901 0 59 2
E 45.602534467714435 31.058318813378257 0 45 2
M 58.54535193320461 13.557253358461761 0 1
E 67.25820766059675 14.924342686414457 2 24 2
M 64.9923903975782 33.48507901033853 0 22
E 42.05664053094766 32.77124487602652 0 21 2
M 50.339830537046836 12.23856367818406 2 100
E 64.2680101381372 25.28300769825477 0 42 2
E 51.10718664017384 30.598536648874283 0 17 2
E 57.654542607585086 26.157892296113054 2 59 2
M 27.836687244332303 5.253779167815087 0 1
E 33.377049195278 -1.6082305676388906 3 24 2
E 47.349958206713104 12.668224176867593 0 59 2
E 38.30375600544392 12.325562142555324 3 59 2
M 22.591907783424546 11.700624308045622 3 100
E 36.521645788839166 25.21312061693275 0 45 2
E 36.23213630551362 29.140417876622116 0 21 2
E 38.87578884040143 20.216060914333717 0 17 2
E 40.85281748359497 6.160688955064522 0 42 2
M 48.31820973323156 9.63439290443052 0 22
E 23.768602200227583 25.61752426545943 0 17 2
M 5.291335311127688 27.69652580935333 0 1
M 8.25207724637771 35.46206062986157 4 100
E 26.919111321124724 30.154801803554488 0 45 2
E 21.4690685251203 14.504759949528577 0 59 2
M 19.325819335653357 12.149313894091993 0 22
E 12.584807345457774 16.877681256809748 0 42 2
E 30.175495774565956 32.3691730005956 0 21 2
E 2.1188415346812532 19.467426745946653 4 24 2
E 16.64921339785883 22.167669846442266 4 59 2
E 7.731989861862803 46.716992301745215 0 42 2
E 29.943359469052336 39.22875512397348 0 21 2
E 10.119110318407195 37.83653577266098 0 59 2
E 26.397465532285565 40.94168118662174 0 45 2
E 4.741792339403256 57.07565731358553 5 24 2
M 13.454648066795382 58.442746641538236 0 1
M 7.007609602421795 38.51492098966146 0 22
E 20.892813359826157 41.40146335112571 0 17 2
E 14.34545739241491 45.84210770388693 5 59 2
M 21.660169462953156 59.761436321815935 5 100
E 31.147182516405017 65.83931104493549 0 42 2
M 23.681790266768417 62.36560709556947 0 22
E 35.478354211160834 46.78687938306725 0 45 2
M 49.40809221657544 60.29937569195438 6 100
E 24.65004179328688 59.33177582313241 0 59 2
M 44.16331275566768 66.74622083218493 0 1
E 33.69624399455606 59.67443785744467 6 59 2
E 35.76786369448637 42.85958212337788 0 21 2
E 33.124211159598566 51.78393908566629 0 17 2
E 38.62295080472198 73.6082305676389 6 24 2
