M 46.239067878079375 48.58399877015727 0 46
E 62.50454171582824 61.42516348374518 1 51 2
E 40.36647963361864 42.653644315377086 0 5 2
E 65.16060318744967 59.204156976373156 0 57 2
E 70.85587232929836 70.65547750718176 0 43 2
M 48.42331130715963 36.80504132625187 1 100
E 54.66970577789296 45.21032926812067 0 21 2
M 51.763857595973455 50.6549283338012 0 26
E 68.11928267244485 54.307385674135375 0 41 2
E 59.845990917388235 65.53980225369713 1 42 2
E 71.2711083302099 25.758975300300943 2 51 2
E 73.50521463316463 30.118667213977375 2 42 2
E 53.31123201235831 24.436725149223918 0 21 2
E 83.4404600661488 23.141667845351442 0 43 2
M 42.90884189321025 25.643617472003235 2 100
E 67.91430240690298 17.337578091397113 0 41 2
M 56.573469025698934 29.6755630271473 0 26
E 43.94546482167179 35.54533986986743 0 5 2
E 70.6756910086659 22.3482553381777 0 57 2
M 52.017596555188014 33.42470649158868 0 46
E 34.64152623446536 15.22639588110325 0 21 2
E 48.58458773685045 -11.51380966183033 0 43 2
E 44.766566614381674 0.3338118165557688 3 51 2
M 41.778528677108646 20.8407077214314 0 46
E 49.65922371577642 0.5788649602802522 3 42 2
E 35.795019734458116 -0.9698075827382645 0 41 2
E 41.51508782121624 -0.8559016381954614 0 57 2
E 39.57898518805315 28.891695554490354 0 5 2
M 40.80961142972548 15.0206346933461 0 26
M 30.48553058605062 24.838576145751365 3 100
M 20.236142404026545 21.3450716661988 0 26
E 3.8807173275551463 17.69261432586462 0 41 2
E 6.839396812550336 12.79584302362684 0 57 2
E 17.33029422210704 26.789670731879333 0 21 2
E 9.495458284171761 10.574836516254823 4 51 2
M 23.57668869284037 35.19495867374813 4 100
E 31.63352036638136 29.346355684622914 0 5 2
E 1.1441276707016457 1.3445224928182327 0 43 2
M 25.760932121920625 23.416001229842728 0 46
E 12.154009082611775 6.46019774630287 4 42 2
E 28.054535178328205 36.45466013013256 0 5 2
E 0.7288916697900923 46.24102469969905 5 51 2
E 4.085697593097031 54.662421908602866 0 41 2
E -11.44046006614881 48.85833215464855 0 43 2
E -1.5052146331646448 41.88133278602261 5 42 2
E 18.688767987641675 47.563274850776075 0 21 2
M 29.09115810678974 46.356382527996765 5 100
M 15.426530974301073 42.324436972852695 0 26
E 1.324308991334096 49.65174466182229 0 57 2
M 19.98240344481198 38.57529350841132 0 46
M 31.190388570274514 56.97936530665389 0 26
E 32.42101481194684 43.108304445509646 0 5 2
M 41.51446941394937 47.16142385424864 6 100
E 27.23343338561831 71.66618818344423 6 51 2
E 37.35847376553463 56.773604118896756 0 21 2
M 30.22147132289134 51.1592922785686 0 46
E 30.48491217878374 72.85590163819548 0 57 2
E 36.20498026554186 72.96980758273826 0 41 2
E 23.415412263149523 83.51380966183032 0 43 2
E 22.34077628422356 71.42113503971976 6 42 2
