E 57.745341927911475 56.71953708342422 0 58 2
E 67.40643006721686 69.74733984404472 0 13 2
M 47.23261101580834 50.55886157787433 1 100
E 40.5660176317332 37.52264214200726 1 47 2
E 70.85859877609981 66.6927618212957 0 19 2
E 65.11791239191709 54.24943692370876 0 22 2
E 43.53964923629763 47.739056501537746 0 6 2
E 54.924403404970825 45.29934966212216 1 43 2
M 50.63221838042588 40.06676582528683 0 3
M 61.84183003481454 62.940060793486715 0 28
E 80.01001083759714 21.157948830216277 0 19 2
E 80.92926864869793 25.674903641633158 0 13 2
M 72.25169204406392 27.090349106314267 0 28
E 53.515674748557444 24.260660730891615 2 43 2
M 46.83803170615373 25.361510081473007 0 3
E 64.81631643285486 27.527750018161885 0 58 2
M 54.224649484524534 33.551704298418215 2 100
E 66.36343217665205 19.907866625284477 0 22 2
E 49.93614576494138 35.34000047651118 0 6 2
E 39.60165559171764 32.807033807795015 2 47 2
M 46.409862009249395 0.15028831282755561 0 28
E 34.59127134358662 14.961311068769456 3 43 2
E 45.15141206149731 -9.534812991079423 0 19 2
E 35.035637959984435 31.28439166578776 3 47 2
M 42.9920384687162 18.992842720543884 3 100
E 49.52283858148109 -8.07243620241157 0 13 2
E 43.07097450494337 6.808212934737665 0 58 2
E 42.39649652864375 23.60094397497344 0 6 2
E 37.24551978473498 1.658429701575733 0 22 2
M 32.205813325727846 21.294744256186174 0 3
E 28.460350763702372 24.260943498462257 0 6 2
M 10.158169965185461 9.059939206513288 0 28
M 24.767388984191662 21.44113842212567 4 100
E 4.593569932783149 2.2526601559552772 0 13 2
E 1.1414012239001863 5.307238178704294 0 19 2
M 21.367781619574117 31.93323417471317 0 3
E 6.882087608082921 17.750563076291254 0 22 2
E 14.254658072088512 15.280462916575782 0 58 2
E 17.075596595029175 26.70065033787784 4 43 2
E 31.433982368266793 34.47735785799274 4 47 2
E 5.636567823347943 52.092133374715516 0 22 2
E 7.183683567145141 44.47224998183811 0 58 2
E -8.010010837597136 50.842051169783716 0 19 2
E -8.929268648697937 46.32509635836683 0 13 2
E 18.484325251442552 47.73933926910838 5 43 2
M -0.2516920440639339 44.90965089368572 0 28
M 25.161968293846268 46.638489918526986 0 3
E 22.06385423505862 36.659999523488814 0 6 2
E 32.39834440828236 39.192966192204985 5 47 2
M 17.77535051547546 38.44829570158178 5 100
E 34.754480215265005 70.34157029842427 0 22 2
M 39.79418667427215 50.70525574381382 0 3
E 22.477161418518886 80.07243620241155 0 13 2
M 29.007961531283787 53.00715727945611 6 100
E 26.848587938502657 81.53481299107942 0 19 2
M 25.590137990750584 71.84971168717244 0 28
E 36.96436204001556 40.71560833421224 6 47 2
E 28.929025495056614 65.19178706526233 0 58 2
E 29.60350347135624 48.39905602502655 0 6 2
E 37.408728656413366 57.038688931230546 6 43 2
