E 63.741342267905374 60.59830927593008 0 22 2
M 57.039741570329625 46.602000610806975 0 56
E 39.34217211425895 36.96816598162755 0 31 2
E 70.5904204601868 63.8858852223276 0 9 2
E 67.2643118212509 57.14407568379359 0 15 2
M 61.04191533598745 53.675802792315984 1 100
E 42.34050447484878 44.07290753192632 0 52 2
E 54.59949952608069 67.58958655450915 1 24 2
E 44.84057641647193 39.80866272035381 1 57 2
M 51.08921141252351 49.32818027444798 0 30
E 77.44509523964618 19.986759765057016 0 9 2
E 71.17343185705454 24.274447498879972 0 22 2
E 43.71868687850912 30.248167599414614 2 57 2
E 46.16159524247532 34.54541581793521 0 52 2
E 72.65713421429261 35.68715418999207 2 24 2
M 55.08714841015237 29.596449730904556 0 30
M 55.70147264506179 23.08004961643854 0 56
E 69.94346259233153 19.496349572855394 0 15 2
M 63.82865191842328 23.150966555773742 2 100
E 38.50954239229883 33.58967703604558 0 31 2
E 34.87811046203718 26.439504879060802 3 57 2
E 39.821090767626536 26.472508286008882 0 52 2
E 42.85467477945937 -7.899125457270586 0 9 2
E 35.16737027803988 32.62151105441802 0 31 2
M 34.66173107473217 12.478049005631563 0 56
E 43.432089589149165 -0.3238617770501072 0 22 2
M 38.78673658243584 5.475163763457753 3 100
E 38.67915077108063 -1.647726110938197 0 15 2
M 39.997936997628855 16.268269456456576 0 30
E 54.05763468821192 4.097567635482929 3 24 2
M 20.910788587476485 22.67181972555202 0 30
M 10.958084664012555 18.324197207684012 4 100
E 27.159423583528064 32.19133727964619 4 57 2
M 14.960258429670379 25.397999389193025 0 56
E 8.258657732094619 11.401690724069926 0 22 2
E 1.4095795398131883 8.114114777672398 0 9 2
E 17.40050047391931 4.410413445490853 4 24 2
E 4.735688178749105 14.855924316206409 0 15 2
E 29.659495525151222 27.92709246807368 0 52 2
E 32.65782788574105 35.03183401837245 0 31 2
E 2.0565374076684733 52.5036504271446 0 15 2
E -5.445095239646189 52.01324023494298 0 9 2
E 0.8265681429454588 47.72555250112002 0 22 2
E 25.83840475752468 37.45458418206479 0 52 2
E 28.281313121490882 41.751832400585386 5 57 2
E -0.6571342142926049 36.312845810007914 5 24 2
M 16.912851589847634 42.40355026909543 0 30
M 8.17134808157671 48.849033444226244 5 100
E 33.49045760770117 38.41032296395442 0 31 2
M 16.298527354938205 48.91995038356145 0 56
M 32.00206300237114 55.73173054354343 0 30
E 33.32084922891934 73.6477261109382 0 15 2
E 17.942365311788063 67.90243236451707 6 24 2
E 28.567910410850818 72.3238617770501 0 22 2
M 37.33826892526781 59.521950994368446 0 56
E 29.145325220540606 79.89912545727059 0 9 2
E 37.121889537962815 45.560495120939194 6 57 2
E 36.83262972196012 39.37848894558198 0 31 2
M 33.21326341756414 66.52483623654226 6 100
E 32.17890923237345 45.52749171399112 0 52 2
