M 50.01073310603089 52.157082629648265 0 22
E 58.197132948322675 55.74313603787721 1 45 2
E 55.388201953345934 65.91903790437301 0 32 2
E 44.22680669363917 41.67614547417899 0 30 2
E 70.67782596279957 69.63344872356107 0 5 2
M 53.290342067289295 58.260131306018 1 100
E 65.15162130279165 63.613053115816946 0 59 2
M 47.34731189923654 46.69749079201823 0 52
E 68.15147841043031 60.41839574906021 0 28 2
E 62.65136338064949 48.767783249400225 1 20 2
E 64.19662383333505 26.648286994510592 2 45 2
E 60.382906334318776 19.30313389156733 2 20 2
E 74.48941612574234 24.5604819481873 0 59 2
E 82.46633399288497 22.784846129980544 0 5 2
M 63.92301023623351 32.15619018261372 2 100
E 73.22269024356324 20.365200801870536 0 28 2
M 50.937954732256166 31.521685026604832 0 52
E 71.60474785864953 34.16884352688585 0 32 2
E 45.02908952303465 31.713449148374117 0 30 2
M 56.99781056133513 31.944890519357727 0 22
E 45.33779482295071 -3.052571167629651 0 59 2
E 47.7885080300854 -10.848602593580534 0 5 2
E 41.99949088501237 6.905150956633383 3 45 2
M 42.98707745530424 15.787807889709464 0 22
E 33.731542953669276 6.5353506421671055 3 20 2
E 41.07121183313293 -4.053194947189665 0 28 2
E 36.802282829395494 26.03730367419513 0 30 2
E 52.2165459053036 4.249805622512843 0 32 2
M 39.590642833019636 20.824194234586596 0 52
M 46.632668168944214 9.896058876595726 3 100
M 24.652688100763463 25.302509207981768 0 52
E 3.8485215895696925 11.581604250939796 0 28 2
E 27.77319330636083 30.323854525821012 0 30 2
E 6.848378697208352 8.38694688418305 0 59 2
E 13.80286705167732 16.256863962122797 4 45 2
M 18.709657932710705 13.739868693982004 4 100
E 16.611798046654066 6.080962095626991 0 32 2
E 1.3221740372004163 2.366551276438929 0 5 2
M 21.98926689396911 19.84291737035173 0 22
E 9.3486366193505 23.232216750599775 4 20 2
E 0.3952521413504684 37.831156473114135 0 32 2
E 7.803376166664945 45.3517130054894 5 45 2
E -1.222690243563246 51.63479919812945 0 28 2
E -10.466333992884989 49.215153870019435 0 5 2
E 11.617093665681217 52.696866108432665 5 20 2
E -2.489416125742359 47.43951805181269 0 59 2
M 8.076989763766488 39.843809817386266 5 100
M 21.062045267743823 40.478314973395165 0 52
E 26.970910476965344 40.28655085162588 0 30 2
M 15.002189438664868 40.055109480642265 0 22
M 32.40935716698036 51.17580576541339 0 52
E 19.783454094696385 67.75019437748715 0 32 2
M 25.367331831055772 62.10394112340426 6 100
E 30.000509114987608 65.09484904336662 6 45 2
E 26.662205177049266 75.05257116762965 0 59 2
M 29.012922544695748 56.21219211029054 0 22
E 35.197717170604506 45.96269632580487 0 30 2
E 30.928788166867044 76.05319494718967 0 28 2
E 24.211491969914565 82.84860259358052 0 5 2
E 38.26845704633071 65.4646493578329 6 20 2
