E 70.76482455662018 59.273595037648796 0 26 2
M 50.89854205825598 50.138305475758195 0 39
E 42.360512814202046 46.818425997655844 0 18 2
E 48.155545184185584 39.91714763040152 0 34 2
E 53.603469057848486 54.9478361417329 0 47 2
M 45.50898563927866 36.78525797273868 1 100
E 63.12889022875163 43.46064977643279 0 9 2
E 56.498304768711286 63.34775680634125 1 60 2
E 65.49597228049302 57.22740016219467 1 19 2
M 60.77056163991195 68.97963570818416 0 37
E 45.47012195039453 27.431562888846447 0 34 2
E 73.5379368183054 17.529576294682247 0 26 2
E 69.13145393700502 21.069438776868765 2 19 2
E 56.0255573495053 16.23601677363806 0 9 2
E 69.93300451516595 31.921825738950965 2 60 2
M 76.94648315079988 31.037882207920013 0 37
M 55.693402737599214 30.166636836078517 0 39
E 61.211041974409866 30.22886667203634 0 47 2
M 41.4345461725553 28.157605858532616 2 100
E 48.54928815003299 35.9008473206325 0 18 2
E 39.635481656512 -0.15796138532590404 3 19 2
E 28.896667120753683 8.77536699720527 0 9 2
E 33.314576766208944 23.514415258444924 0 34 2
E 42.188775335830954 25.08242132297665 0 18 2
M 40.794860679343245 16.028331360320333 0 39
E 38.77311226168523 -5.744018742966561 0 26 2
M 31.925560533276645 27.372347885793925 3 100
E 43.60757291656137 11.281030530303445 0 47 2
M 52.17592151088792 -1.9417535002641544 0 37
E 49.434699746454676 4.5740689326097055 3 60 2
M 11.22943836008805 3.0203642918158353 0 37
M 26.49101436072134 35.21474202726132 4 100
E 6.504027719506984 14.77259983780533 4 19 2
M 21.101457941744023 21.861694524241813 0 39
E 1.235175443379822 12.7264049623512 0 26 2
E 23.84445481581441 32.08285236959848 0 34 2
E 15.501695231288721 8.652243193658752 4 60 2
E 18.396530942151507 17.0521638582671 0 47 2
E 8.871109771248374 28.539350223567215 0 9 2
E 29.639487185797954 25.181574002344153 0 18 2
E 10.788958025590134 41.77113332796365 0 47 2
E 26.529878049605465 44.56843711115355 0 34 2
E -1.537936818305414 54.47042370531774 0 26 2
E 15.97444265049469 55.76398322636194 0 9 2
E 2.8685460629949886 50.93056122313122 5 19 2
E 2.066995484834044 40.07817426104903 5 60 2
M -4.946483150799867 40.96211779207997 0 37
M 30.565453827444696 43.84239414146738 5 100
E 23.450711849967 36.09915267936749 0 18 2
M 16.306597262400782 41.83336316392147 0 39
M 19.824078489112065 73.94175350026414 0 37
E 28.392427083438612 60.718969469696546 0 47 2
E 22.565300253545303 67.4259310673903 6 60 2
E 33.22688773831475 77.74401874296656 0 26 2
M 31.205139320656752 55.97166863967967 0 39
E 38.68542323379105 48.48558474155508 0 34 2
E 32.36451834348799 72.15796138532592 6 19 2
E 29.811224664169043 46.91757867702334 0 18 2
M 40.074439466723355 44.62765211420607 6 100
E 43.10333287924631 63.22463300279473 0 9 2
