M 70.8669667801943 65.54255265252864 0 54
M 65.39933466940583 46.97064291352057 0 22
E 56.51020412953896 54.96765124955094 0 11 2
E 68.73895386367259 63.389115566933015 0 30 2
M 37.62469498769131 38.53559951580421 1 100
E 63.00528528375828 41.55482142130132 0 51 2
E 46.91711692853498 52.3026052114415 0 44 2
E 50.46356879188018 59.61309819050528 0 29 2
E 52.725139320095 43.72623696760952 1 7 2
E 58.88646155079714 69.2947560130968 1 29 2
E 62.68156989700426 27.721467811790227 0 11 2
E 63.68132729097401 35.28073109210061 0 29 2
E 54.31325910621207 15.390147618469936 0 51 2
E 55.5770287252444 34.69680200952432 0 44 2
E 76.2773352955451 32.82712090082228 2 29 2
E 51.0536871496558 25.3787229507685 2 7 2
M 79.0180844798263 20.575597341707944 0 54
E 76.08914679998811 21.34179204419935 0 30 2
M 39.008241088355625 35.86077262516019 2 100
M 60.20052279365946 16.024750778694255 0 22
E 49.217758499093854 11.66763290159533 0 29 2
E 27.30797382245379 9.835326197168609 0 51 2
E 42.17136576746529 8.753816562239294 0 11 2
M 30.801188124253635 5.054107865173686 0 22
M 44.15111769963201 -8.96695531082069 0 54
E 53.39087374474796 -0.4676351122745217 3 29 2
M 37.38354610066431 33.32517310935598 3 100
E 43.35019293631553 -6.0473235227336675 0 30 2
E 34.328547829560804 17.65248598315897 3 7 2
E 44.65991179670944 18.394196798082813 0 44 2
E 19.274860679904997 28.27376303239047 4 7 2
E 13.113538449202858 2.7052439869031972 4 29 2
M 34.37530501230869 33.46440048419579 4 100
E 21.536431208119826 12.38690180949472 0 29 2
M 1.1330332198056978 6.457447347471363 0 54
E 15.489795870461034 17.03234875044906 0 11 2
E 25.082883071465023 19.697394788558494 0 44 2
E 3.261046136327413 8.610884433066985 0 30 2
E 8.994714716241715 30.44517857869868 0 51 2
M 6.600665330594166 25.02935708647943 0 22
E -4.089146799988123 50.658207955800634 0 30 2
E 9.318430102995745 44.27853218820976 0 11 2
E -4.277335295545102 39.172879099177706 5 29 2
E 17.68674089378792 56.60985238153006 0 51 2
E 8.318672709025979 36.71926890789938 0 29 2
E 16.422971274755582 37.303197990475674 0 44 2
E 20.946312850344192 46.621277049231495 5 7 2
M 32.991758911644375 36.13922737483981 5 100
M 11.79947720634053 55.97524922130574 0 22
M -7.018084479826312 51.42440265829204 0 54
E 37.67145217043919 54.34751401684103 6 7 2
E 28.64980706368444 78.04732352273365 0 30 2
E 27.340088203290556 53.60580320191718 0 44 2
M 27.84888230036796 80.9669553108207 0 54
E 29.828634232534693 63.246183437760706 0 11 2
E 22.782241500906135 60.33236709840467 0 29 2
M 41.19881187574635 66.94589213482632 0 22
M 34.61645389933569 38.67482689064402 6 100
E 18.609126255252015 72.46763511227451 6 29 2
E 44.6920261775462 62.164673802831395 0 51 2
