E 46.73322571454268 54.488565804760945 0 16 2
E 57.78213491105405 57.533319091773095 1 29 2
E 52.54382151069111 52.408614559283045 0 59 2
E 49.288426853826024 47.919601267366254 0 59 2
E 65.79542785365018 39.60576507729171 0 0 2
M 62.363557696798196 36.17378850493982 0 52
E 40.537303881537355 43.116663639786566 1 45 2
M 68.9790728932339 45.56948264458911 0 36
E 59.84926491631688 59.64359034491772 0 53 2
M 55.740121986897314 50.27358907042029 1 100
M 58.23135173161254 26.041347420753333 2 100
E 68.40058233352966 27.167725893343487 0 53 2
M 60.77695151790541 12.22402640349522 0 36
E 54.02039808383847 11.999285100758339 0 0 2
E 58.482187804591874 29.876937575707576 0 59 2
E 52.96689092743338 30.45168540193847 0 59 2
E 44.431863443012865 35.628911393792194 2 45 2
M 49.3322841085627 13.255383552905908 0 52
E 57.37818052373459 35.94903676903413 0 16 2
E 65.53946881679897 27.902777364253854 2 29 2
E 24.224970230188287 8.393520023466628 0 0 2
E 41.93836629390078 13.46832301642453 0 59 2
M 27.797878624671505 2.6545437589061187 0 36
E 39.89455956147552 28.51224775400563 3 45 2
M 38.491229744715234 11.767758350333034 3 100
E 43.75733390574494 6.369458272480765 3 29 2
E 46.64495480919193 17.46047096427319 0 16 2
M 22.96872641176451 13.081595047966086 0 52
E 39.678464073607365 18.53208413457221 0 59 2
E 44.55131741721278 3.5241355484257775 0 53 2
M 9.636442303201806 35.82621149506018 0 52
M 16.25987801310269 21.726410929579707 4 100
E 31.462696118462645 28.883336360213434 4 45 2
E 14.217865088945956 14.466680908226909 4 29 2
E 6.204572146349809 32.39423492270829 0 0 2
E 22.711573146173976 24.080398732633746 0 59 2
E 25.266774285457323 17.511434195239055 0 16 2
E 19.45617848930889 19.591385440716955 0 59 2
E 12.15073508368312 12.356409655082292 0 53 2
M 3.020927106766089 26.4305173554109 0 36
E 14.621819476265397 36.05096323096586 0 16 2
E 27.568136556987128 36.371088606207806 5 45 2
E 13.517812195408117 42.12306242429242 0 59 2
M 11.223048482094574 59.77597359650478 0 36
E 17.979601916161517 60.00071489924166 0 0 2
E 19.03310907256661 41.54831459806152 0 59 2
M 13.768648268387455 45.95865257924666 5 100
E 3.59941766647034 44.8322741066565 0 53 2
M 22.66771589143729 58.74461644709409 0 52
E 6.460531183201015 44.097222635746135 5 29 2
M 49.03127358823548 58.918404952033924 0 52
E 25.355045190808063 54.53952903572681 0 16 2
M 33.50877025528475 60.23224164966696 6 100
E 27.4486825827872 68.47586445157421 0 53 2
E 32.32153592639263 53.46791586542779 0 59 2
E 47.775029769811695 63.606479976533386 0 0 2
E 28.242666094255043 65.63054172751923 6 29 2
E 32.10544043852448 43.48775224599437 6 45 2
E 30.06163370609921 58.53167698357547 0 59 2
M 44.202121375328474 69.3454562410939 0 36
