M 64.77645845692692 47.166615631778704 0 20
E 53.16018354872239 43.30702536171393 1 17 2
E 46.94198771902164 54.69604085097296 0 51 2
E 40.92637019875342 36.16860800482705 0 21 2
E 58.404168451163855 49.567621739597016 0 36 2
M 69.79286465263577 65.24043697889829 1 100
E 62.03637717828949 40.641474603478734 0 58 2
M 50.07314181135629 56.76250752385671 0 46
E 44.3973361236924 38.601788220951825 0 43 2
E 56.32546767763373 52.63542276740325 1 18 2
E 50.90816136370263 24.79235779405958 2 17 2
E 60.56943255808211 26.71534003107132 2 18 2
E 53.03782350677765 15.772573242827267 0 58 2
E 58.95198932101098 23.38123184042476 0 36 2
M 78.21939356780172 21.35473923361737 2 100
E 42.4518827564576 30.028587703241556 0 43 2
M 61.017429867603596 34.19355544223286 0 46
E 57.66224018664504 35.8719810929164 0 51 2
E 38.609203914838346 31.81794226184647 0 21 2
M 60.05880203988024 16.6621637612431 0 20
E 27.00144632848815 11.13109863934853 0 58 2
E 36.547820869847115 9.813610100827736 0 36 2
E 33.74797781498025 17.48533243234565 3 17 2
M 31.282343582953324 5.495548129464395 0 20
E 40.24396488044839 10.079917263668069 3 18 2
E 34.054546632765195 27.426799482289727 0 43 2
E 33.68283371608493 31.649334257019426 0 21 2
E 46.72025246762341 17.175940241943444 0 51 2
M 46.94428805624731 13.431047918376157 0 46
M 44.426528915165946 -7.885697745280922 3 100
M 21.926858188643713 15.237492476143297 0 46
E 27.6026638763076 33.398211779048175 0 43 2
E 31.073629801246586 35.83139199517295 0 21 2
E 9.963622821710507 31.358525396521266 0 58 2
E 18.839816451277613 28.692974638286067 4 17 2
M 2.2071353473642246 6.759563021101707 4 100
E 25.058012280978364 17.303959149027037 0 51 2
E 13.59583154883615 22.432378260402977 0 36 2
M 7.223541543073085 24.833384368221296 0 20
E 15.67453232236627 19.36457723259675 4 18 2
E 14.33775981335496 36.12801890708359 0 51 2
E 21.09183863629736 47.20764220594042 5 17 2
E 29.548117243542396 41.971412296758444 0 43 2
E 13.04801067898903 48.61876815957523 0 36 2
E 11.430567441917884 45.28465996892867 5 18 2
E 18.96217649322235 56.22742675717272 0 58 2
M -6.219393567801725 50.64526076638261 5 100
M 10.982570132396408 37.806444557767136 0 46
E 33.390796085161654 40.18205773815353 0 21 2
M 11.941197960119755 55.33783623875689 0 20
M 25.055711943752677 58.56895208162384 0 46
E 25.279747532376582 54.82405975805655 0 51 2
M 27.57347108483403 79.88569774528092 6 100
E 38.25202218501974 54.51466756765435 6 17 2
E 44.998553671511836 60.86890136065148 0 58 2
M 40.717656417046655 66.50445187053562 0 20
E 38.31716628391507 40.350665742980574 0 21 2
E 37.9454533672348 44.573200517710276 0 43 2
E 35.452179130152864 62.186389899172276 0 36 2
E 31.756035119551605 61.92008273633191 6 18 2
