E 69.86330801194245 48.01176447781463 1 18 2
E 53.92637167417729 40.99894432599401 1 2 2
E 43.478554893756055 45.85979123573152 0 15 2
E 56.29262231767133 52.000478444864235 0 21 2
E 38.20483272964079 38.62725858083421 0 1 2
M 64.04622253768542 69.04764669304669 0 11
M 50.029738377001834 60.13503684352546 0 40
E 47.3420721742654 54.77798345466867 0 58 2
M 59.09234203951868 64.18345008212417 1 100
E 66.8020604046445 57.85018281445233 0 9 2
E 63.334147188034216 12.679397244388039 2 18 2
E 70.32384359697213 20.24972460790125 0 9 2
M 71.95375475716949 30.09317020195956 2 100
M 78.64321284031394 28.235082148696108 0 11
E 60.00313196479341 26.4263127859257 0 21 2
E 39.377689038133475 35.404188135452785 0 1 2
E 57.93324679071966 35.5664690928639 0 58 2
M 63.916424216267366 35.91740857882969 0 40
E 49.29239861550354 22.9747788954777 2 2 2
E 48.27810713303269 34.45327709627659 0 15 2
M 50.59699030262853 -4.812564544350581 0 11
E 39.710509647122095 10.425834341061462 0 21 2
E 29.470839176091772 0.6676327665734092 3 18 2
M 48.86141271765082 1.9097201198353857 3 100
E 46.59117461645425 16.78848563819523 0 58 2
E 40.79955223927664 24.593485860545066 0 15 2
E 31.366026941326247 17.975834569483688 3 2 2
M 49.88668583926553 11.782371735304228 0 40
E 37.17285630849268 32.776929554618576 0 1 2
E 39.52178319232763 -1.6004582065510704 0 9 2
M 21.970261622998173 11.864963156474534 0 40
E 24.6579278257346 17.222016545331325 0 58 2
E 28.52144510624395 26.140208764268476 0 15 2
M 7.953777462314578 2.952353306953314 0 11
E 2.136691988057551 23.988235522185366 4 18 2
E 33.79516727035921 33.37274141916579 0 1 2
E 18.073628325822714 31.00105567400599 4 2 2
E 15.707377682328673 19.999521555135765 0 21 2
E 5.197939595355508 14.149817185547679 0 9 2
M 12.907657960481316 7.816549917875825 4 100
E 22.707601384496463 49.0252211045223 5 2 2
E 8.665852811965767 59.320602755611944 5 18 2
E 14.066753209280353 36.433530907136095 0 58 2
E 11.996868035206576 45.5736872140743 0 21 2
M 0.04624524283049851 41.90682979804043 5 100
M -6.643212840313941 43.76491785130388 0 11
E 32.622310961866525 36.5958118645472 0 1 2
E 1.6761564030278664 51.75027539209874 0 9 2
M 8.083575783732638 36.0825914211703 0 40
E 23.721892866967313 37.5467229037234 0 15 2
M 22.11331416073445 60.21762826469576 0 40
E 40.63397305867373 54.02416543051631 6 2 2
E 32.47821680767234 73.60045820655107 0 9 2
E 34.82714369150732 39.223070445381424 0 1 2
E 42.5291608239082 71.3323672334266 6 18 2
M 21.403009697371452 76.81256454435056 0 11
E 31.200447760723353 47.40651413945493 0 15 2
E 25.40882538354574 55.21151436180477 0 58 2
E 32.28949035287789 61.57416565893853 0 21 2
M 23.138587282349157 70.09027988016462 6 100
