M 52.22418207532412 49.86378022910103 0 58
E 62.644217483967 54.6636659230496 1 9 2
E 59.88795467722954 69.5414199079858 0 50 2
E 65.0966078901213 45.23726414687666 0 16 2
E 67.84553698727568 63.113277536194474 0 6 2
M 57.66324970719702 39.12308402321065 1 100
E 43.73920323939733 42.18120489813214 0 31 2
M 70.61676594059051 37.07617788877071 0 21
E 55.376125163221865 60.34837267775081 0 12 2
E 49.06995041633004 47.82156121111424 1 11 2
E 65.48531755909039 22.257263756451888 2 9 2
E 52.772747529382684 30.591871518812315 2 11 2
E 45.22268208747789 32.38825583869717 0 31 2
E 75.4035556198402 21.977594739959542 0 6 2
M 49.53629495585225 18.800617436646903 2 100
E 66.77437186135407 31.393969720618372 0 12 2
M 54.240380360961794 6.55909024297406 0 21
E 76.99169905793158 32.08313435906082 0 50 2
E 58.54800935772304 15.42023047663854 0 16 2
M 56.118476908548 28.881336281695695 0 58
E 37.48347884808057 26.20705094056503 0 31 2
E 43.55801863256453 -5.135682796234931 0 6 2
E 38.84110007512341 3.593597833402292 3 9 2
M 39.89429483322389 15.01755605259467 0 58
E 39.702797113052654 18.770310307698065 3 11 2
E 47.39824669813221 7.045597042867565 0 12 2
E 29.451401467601727 6.182966329761873 0 16 2
E 53.10374438070204 -1.458285548924983 0 50 2
M 19.623614420371286 5.482912354203354 0 21
M 27.873045248655227 15.677533413436246 3 100
M 1.3832340594094945 34.92382211122929 0 21
E 16.623874836778135 11.651627322249194 0 12 2
E 6.903392109878686 26.76273585312334 0 16 2
E 28.260796760602677 29.818795101867863 0 31 2
E 9.355782516033008 17.3363340769504 4 9 2
M 14.336750292802975 32.87691597678935 4 100
E 12.112045322770452 2.4585800920142007 0 50 2
E 4.154463012724318 8.88672246380553 0 6 2
M 19.775817924675884 22.13621977089897 0 58
E 22.930049583669962 24.178438788885757 4 11 2
E -4.991699057931589 39.91686564093917 0 50 2
E 6.514682440909601 49.7427362435481 5 9 2
E 5.225628138645931 40.60603027938162 0 12 2
E -3.4035556198402146 50.02240526004045 0 6 2
E 19.227252470617305 41.40812848118769 5 11 2
E 26.777317912522108 39.61174416130283 0 31 2
M 22.463705044147744 53.1993825633531 5 100
M 17.7596196390382 65.44090975702593 0 21
E 13.451990642276954 56.57976952336145 0 16 2
M 15.881523091452001 43.1186637183043 0 58
M 52.376385579628696 66.51708764579666 0 21
E 18.896255619297932 73.45828554892498 0 50 2
M 44.12695475134476 56.322466586563756 6 100
E 33.15889992487657 68.4064021665977 6 9 2
E 34.51652115191942 45.79294905943497 0 31 2
M 32.105705166776104 56.98244394740533 0 58
E 42.54859853239826 65.81703367023813 0 16 2
E 24.601753301867777 64.95440295713243 0 12 2
E 28.441981367435442 77.13568279623493 0 6 2
E 32.29720288694734 53.22968969230194 6 11 2
