M 54.267450256191594 65.01838798315569 0 6
E 60.08888853487018 37.98555741047808 1 13 2
E 70.38731866610922 47.80101385147852 0 24 2
E 47.787111024060586 40.99580249419518 0 52 2
M 51.933430190395505 53.686835076538514 1 100
E 57.51481796204638 67.6857183854628 0 45 2
M 68.10680109942889 60.353091150742856 0 36
E 44.68892055109961 50.52924854706747 0 31 2
E 62.63990632838647 55.853970817002825 0 22 2
E 64.68072344156218 44.131770442934084 1 20 2
M 70.2643862983817 34.689118007347375 0 6
E 57.38268150210545 15.227650122158346 2 20 2
E 66.51399625771256 22.85614977368089 0 22 2
E 74.19804603999363 33.2104802798015 0 45 2
E 46.22004738429298 28.28996366303351 0 52 2
M 59.283963584025784 31.044662223960824 2 100
E 52.927158615208384 35.73979834481678 0 31 2
M 73.14379614693576 20.371240189011864 0 36
E 49.76398742558156 16.131189285109755 2 13 2
E 63.41363711884706 12.12021539285785 0 24 2
E 52.68322807794725 1.5247618943386925 0 45 2
E 34.4329363602324 23.294161168838333 0 52 2
M 51.996936042190114 5.6707300241917 0 6
E 39.874089929326104 3.002178956678074 0 22 2
E 44.23823806410877 21.21054979774932 0 31 2
E 29.026318452737836 0.3192015413793314 0 24 2
E 25.675098890711375 14.145631874631675 3 13 2
M 41.03699504750688 -3.98185096173098 0 36
M 43.350533393630286 13.357827147422316 3 100
E 28.701958060543273 7.095879679224259 3 20 2
M 3.8931989005711087 11.646908849257155 0 36
E 27.311079448900387 21.47075145293253 0 31 2
E 1.6126813338907682 24.198986148521477 0 24 2
E 14.485182037953624 4.31428161453719 0 45 2
M 17.732549743808413 6.9816120168443145 0 6
M 20.066569809604495 18.313164923461493 4 100
E 11.911111465129816 34.01444258952192 4 13 2
E 24.212888975939414 31.004197505804818 0 52 2
E 7.319276558437823 27.868229557065916 4 20 2
E 9.360093671613523 16.14602918299718 0 22 2
E 22.23601257441843 55.868810714890245 5 13 2
M 1.7356137016182978 37.31088199265261 0 6
E 19.07284138479162 36.2602016551832 0 31 2
E 25.779952615707014 43.71003633696648 0 52 2
E 5.486003742287421 49.143850226319095 0 22 2
E -2.1980460399936335 38.789519720198484 0 45 2
M 12.71603641597421 40.95533777603917 5 100
E 14.617318497894548 56.77234987784165 5 20 2
M -1.143796146935766 51.62875981098813 0 36
E 8.586362881152931 59.87978460714214 0 24 2
M 30.9630049524931 75.98185096173098 0 36
E 46.32490110928862 57.85436812536833 6 13 2
E 43.29804193945671 64.90412032077575 6 20 2
M 28.649466606369703 58.64217285257769 6 100
M 20.003063957809864 66.3292699758083 0 6
E 19.316771922052716 70.4752381056613 0 45 2
E 42.97368154726215 71.68079845862067 0 24 2
E 27.761761935891222 50.78945020225068 0 31 2
E 37.567063639767596 48.70583883116167 0 52 2
E 32.12591007067389 68.99782104332192 0 22 2
