M 53.92089456111355 52.0636831077817 0 13
E 58.17950774542555 63.17867972822827 1 55 2
E 65.98204878356461 66.51515456491299 0 50 2
E 63.5052082649017 39.73326995850835 0 18 2
E 61.18280372539791 68.6725166622887 0 13 2
M 41.179890017435056 42.945928133174846 1 100
E 36.41202001093315 36.33859964250745 0 54 2
M 44.12569064377199 45.64691080469059 0 12
E 68.45290606475297 59.49282197694917 0 56 2
E 49.92674071472459 55.62090907964207 1 51 2
E 70.6271809586796 30.38132271314189 2 55 2
E 59.955576065677064 33.74954328895049 2 51 2
E 36.49924589759035 35.81248002491808 0 54 2
E 76.88663129781132 30.52731056643237 0 13 2
M 44.60529522490798 34.98704772267924 2 100
E 72.57183367099984 19.64136990976844 0 56 2
M 48.41731514679063 33.786400881545234 0 12
E 77.41792344540565 25.29236137838523 0 50 2
E 52.985710755704346 14.046425885467622 0 18 2
M 58.87200493023869 28.511891605424136 0 13
E 36.08722588665721 35.47388038241063 0 54 2
E 51.70382757241343 -2.1452060958563295 0 13 2
E 48.447673213254056 3.202642984913615 3 55 2
M 40.95111036912514 12.448208497642437 0 13
E 46.02883535095249 14.128634209308434 3 51 2
E 40.118927606246864 -3.8514520671807366 0 56 2
E 25.480502490802674 10.313155926959265 0 18 2
E 47.43587466184104 -5.222793186527765 0 50 2
M 40.291624503018646 24.139490076854635 0 12
M 39.42540520747291 28.041119589504394 3 100
M 27.874309356228014 26.353089195309405 0 12
E 3.5470939352470254 12.507178023050823 0 56 2
E 8.494791735098318 32.26673004149165 0 18 2
E 35.58797998906685 35.66140035749255 0 54 2
E 13.820492254574447 8.821320271771729 4 55 2
M 30.82010998256494 29.054071866825154 4 100
E 6.017951216435395 5.484845435087001 0 50 2
E 10.8171962746021 3.3274833377113 0 13 2
M 18.079105438886444 19.9363168922183 0 13
E 22.073259285275412 16.37909092035794 4 51 2
E -5.417923445405647 46.70763862161476 0 50 2
E 1.3728190413203947 41.6186772868581 5 55 2
E -0.5718336709998397 52.35863009023154 0 56 2
E -4.886631297811329 41.472689433567616 0 13 2
E 12.044423934322928 38.250456711049495 5 51 2
E 35.50075410240965 36.18751997508192 0 54 2
M 27.394704775092027 37.01295227732076 5 100
M 23.58268485320937 38.213599118454766 0 12
E 19.014289244295636 57.95357411453237 0 18 2
M 13.127995069761306 43.48810839457586 0 13
M 31.708375496981347 47.86050992314536 0 12
E 24.564125338158938 77.22279318652777 0 50 2
M 32.57459479252708 43.95888041049561 6 100
E 23.552326786745926 68.79735701508639 6 55 2
E 35.91277411334279 36.52611961758937 0 54 2
M 31.04888963087485 59.55179150235756 0 13
E 46.51949750919731 61.686844073040746 0 18 2
E 31.881072393753108 75.85145206718073 0 56 2
E 20.296172427586548 74.14520609585631 0 13 2
E 25.971164649047502 57.87136579069156 6 51 2
