M 49.61633633665146 54.15343179559919 0 31
E 63.811085490779575 70.6128216398405 1 18 2
E 40.874871429287566 36.47102860573881 0 20 2
E 61.48714468487496 58.28915374785529 0 58 2
E 55.46507128714954 51.29013866392499 0 18 2
M 45.63285048491113 45.593678023618494 1 100
E 69.42148027248581 64.3634778404993 0 50 2
M 58.13413117471026 49.04851925326352 0 58
E 53.27183569180907 62.275153312152085 0 25 2
E 66.34638414680344 68.18315297746204 1 37 2
E 79.88112558215141 29.221304278084325 2 18 2
E 79.04462012576467 25.81083690459788 2 37 2
E 77.2742324857923 21.23788797219647 0 50 2
E 58.97418415392049 26.787823110815935 0 18 2
M 49.12479412663767 32.45454578101896 2 100
E 67.3908681025591 34.179728176978614 0 25 2
M 58.36741474245169 23.355539738635578 0 58
E 38.845358453122756 32.013751804923416 0 20 2
E 68.04654571693729 25.0720621068964 0 58 2
M 58.52950126918279 33.28462272378629 0 31
E 43.85275221330648 -7.125589868302822 0 50 2
E 39.509112866770934 11.497684446890938 0 18 2
E 52.070040091371844 -5.391517361756184 3 18 2
M 44.91316493253133 15.131190928187106 0 31
E 48.69823597896122 -6.372316072864175 3 37 2
E 50.119032410750016 7.9045748648265235 0 25 2
E 42.55940103206233 2.7829083590411114 0 58 2
E 33.97048702383519 31.54272319918461 0 20 2
M 36.23328356774144 10.307020485372053 0 58
M 39.491943641726536 22.860867757400463 3 100
M 13.865868825289738 22.95148074673648 0 58
E 18.728164308190923 9.724846687847908 0 25 2
E 10.512855315125035 13.71084625214471 0 58 2
E 2.578519727514184 7.6365221595007045 0 50 2
E 8.18891450922041 1.3871783601594956 4 18 2
M 26.36714951508887 26.406321976381502 4 100
E 31.125128570712434 35.52897139426119 0 20 2
E 16.53492871285046 20.709861336075 0 18 2
M 22.383663663348543 17.846568204400807 0 31
E 5.653615853196547 3.816847022537947 4 37 2
E 33.154641546877244 39.986248195076584 0 20 2
E -7.881125582151431 42.77869572191567 5 18 2
E 4.609131897440912 37.82027182302137 0 25 2
E 13.025815846079519 45.21217688918406 0 18 2
E -7.044620125764666 46.1891630954021 5 37 2
E -5.2742324857923 50.76211202780351 0 50 2
M 22.87520587336233 39.54545421898104 5 100
M 13.632585257548296 48.644460261364415 0 58
E 3.953454283062701 46.92793789310359 0 58 2
M 13.470498730817212 38.7153772762137 0 31
M 35.76671643225855 61.69297951462795 0 58
E 38.0295129761648 40.45727680081539 0 20 2
M 32.50805635827346 49.13913224259953 6 100
E 19.92995990862813 77.39151736175617 6 18 2
E 28.14724778669349 79.12558986830282 0 50 2
M 27.086835067468655 56.86880907181289 0 31
E 29.44059896793765 69.2170916409589 0 58 2
E 21.88096758924997 64.09542513517347 0 25 2
E 32.490887133229045 60.50231555310906 0 18 2
E 23.30176402103876 78.37231607286415 6 37 2
