E 65.43282543507476 68.34727773632066 1 47 2
E 55.232376791835534 58.25445432242818 1 31 2
E 37.942309774386764 37.393119507427606 0 35 2
E 59.211670832025746 65.30937624324079 0 55 2
E 48.98412723063624 46.55641732416046 0 22 2
M 62.25215323200713 62.960737433452664 0 28
M 46.915221732999896 43.9614721985641 0 15
E 68.81112583027225 40.43238854160781 0 54 2
M 51.50398409140577 50.94052944097571 1 100
E 43.65007630186362 48.58433886143472 0 26 2
E 78.72997698046186 26.684064336232815 2 47 2
E 50.723395294766014 35.667009012414155 0 26 2
M 56.69087008757716 30.043420637460663 2 100
M 72.47476013813565 26.745337113766407 0 28
E 72.98849981173552 30.552791516803826 0 55 2
E 51.63418919099123 30.033624634379965 0 22 2
E 56.24412399161156 9.800925775020353 0 54 2
M 48.35244804198001 30.52787679056413 0 15
E 64.88911118650098 30.47150028433026 2 31 2
E 38.17763177113335 35.01447014707604 0 35 2
M 46.22260690612852 -0.21540031968626253 0 28
E 49.77682897970978 1.2434152735630435 0 55 2
E 49.29715154538711 -5.663213400087846 3 47 2
M 41.186885996171405 15.102891196484956 3 100
E 23.432998161339306 5.368537233412542 0 54 2
E 36.235321996746585 33.62135063964844 0 35 2
E 45.656734394665456 8.217045961902082 3 31 2
M 37.43722630898011 22.566404592000033 0 15
E 38.650061960354996 19.477207310219498 0 22 2
E 43.0733189929024 23.082670150979432 0 26 2
M 25.0847782670001 28.038527801435897 0 15
E 3.1888741697277467 31.56761145839219 0 54 2
E 34.057690225613236 34.606880492572394 0 35 2
M 9.747846767992868 9.03926256654733 0 28
E 6.567174564925236 3.652722263679337 4 47 2
E 23.01587276936376 25.443582675839536 0 22 2
E 16.76762320816447 13.74554567757182 4 31 2
E 12.788329167974258 6.690623756759214 0 55 2
E 28.349923698136383 23.415661138565277 0 26 2
M 20.49601590859423 21.05947055902429 4 100
E 7.110888813499017 41.528499715669724 5 31 2
E -6.729976980461875 45.31593566376717 5 47 2
E 15.755876008388437 62.19907422497963 0 54 2
E -0.9884998117355138 41.447208483196164 0 55 2
M 15.30912991242283 41.95657936253933 5 100
M -0.47476013813565243 45.25466288623358 0 28
E 20.36581080900877 41.96637536562003 0 22 2
E 21.276604705233986 36.33299098758583 0 26 2
M 23.64755195801999 41.472123209435864 0 15
E 33.82236822886665 36.98552985292396 0 35 2
M 34.562773691019885 49.43359540799996 0 15
E 26.343265605334533 63.78295403809792 6 31 2
E 28.926681007097592 48.91732984902056 0 26 2
E 33.349938039645 52.5227926897805 0 22 2
E 22.702848454612866 77.66321340008786 6 47 2
M 25.77739309387146 72.21540031968625 0 28
E 35.764678003253415 38.37864936035156 0 35 2
E 48.56700183866069 66.63146276658746 0 54 2
E 22.22317102029021 70.75658472643696 0 55 2
M 30.813114003828588 56.89710880351504 6 100
