M 10.849695349957381 14.854873603757431 0 26
E 0.48273037917136463 13.398246470615032 1 54 2
E 13.484386214267364 20.2143011068095 0 59 2
E 7.008699807245736 22.73005106584676 0 59 2
E 9.180270085903365 17.956761991154885 0 41 2
M 5.647691646188961 16.869490619257675 1 100
E 18.415525212829582 15.859713788397425 0 32 2
M 15.816796899710493 21.202305581984575 0 16
E 17.30960210615978 18.700608905634326 0 46 2
E 3.005954476976212 19.392929038982494 1 41 2
E 23.517269620828635 10.601753529384968 2 54 2
E 20.994045523023786 4.607070961017502 2 41 2
E 5.584474787170419 8.140286211602577 0 32 2
E 14.819729914096632 6.043238008845113 0 41 2
M 18.35230835381104 7.130509380742327 2 100
E 6.690397893840218 5.2993910943656735 0 46 2
M 8.183203100289507 2.797694418015426 0 16
E 10.515613785732638 3.7856988931904993 0 59 2
E 16.991300192754263 1.2699489341532448 0 59 2
M 13.150304650042619 9.145126396242565 0 26
