E 16.00139031849689 23.037479160324068 0 53 2
M 11.353650460359436 17.618467332370052 0 1
E 5.666490314572087 18.562621298070134 0 3 2
E 8.475821975111597 22.212627806933632 0 17 2
E 22.370298324381228 13.744523368755015 0 4 2
M 2.8238801830956053 20.155114420470138 1 100
E 7.218794340874536 20.881622788469983 0 31 2
E 19.160384093265638 15.103687749105214 1 46 2
E 10.059547051874736 15.841971441108006 1 51 2
M 9.369809404208587 16.844310102696447 0 6
E 15.524178024888403 1.7873721930663713 0 17 2
E 7.998609681503109 0.9625208396759334 0 53 2
E 13.940452948125264 8.158028558891994 2 51 2
E 16.781205659125465 3.1183772115300172 0 31 2
E 4.839615906734363 8.896312250894784 2 46 2
M 14.630190595791413 7.155689897303551 0 6
M 12.646349539640564 6.381532667629946 0 1
E 1.629701675618773 10.255476631244985 0 4 2
M 21.176119816904396 3.844885579529861 2 100
E 18.333509685427913 5.437378701929867 0 3 2
