E 6.088649354437395 21.2391705930445 0 41 2
E 3.4824594266682105 21.9676485866887 0 2 2
M 16.628452786570143 12.367702703162212 1 100
E 11.258557806492526 20.244539251968906 1 14 2
E 10.150300562762883 14.233975002829784 0 35 2
E 7.329266491023423 18.39418713744335 0 58 2
E 13.983486343023225 15.675346403520654 0 11 2
E 12.164762202965042 16.913903369752422 1 17 2
M 18.435679370319463 23.156774868305252 0 35
M 20.326265272270405 19.212335510734288 0 12
E 13.849699437237115 9.766024997170216 0 35 2
E 20.517540573331793 2.032351413311299 0 2 2
M 3.673734727729594 4.78766448926571 0 12
E 11.835237797034958 7.08609663024758 2 17 2
M 5.564320629680536 0.8432251316947464 0 35
E 17.911350645562603 2.760829406955503 0 41 2
M 7.371547213429858 11.632297296837788 2 100
E 16.670733508976575 5.6058128625566495 0 58 2
E 10.016513656976775 8.324653596479346 0 11 2
E 12.741442193507474 3.7554607480310964 2 14 2
