M 12.912117653211393 19.742028507650677 0 20
M 22.615532403036195 22.796189186782442 0 35
E 15.364564826932028 14.302766148007299 0 7 2
E 4.7402871354380824 21.71417489963914 0 41 2
M 9.573188006895244 12.606247534329885 1 100
E 8.527436434468 17.161840940606332 0 56 2
E 7.311579182577978 20.602744528185546 0 48 2
E 10.940743405516894 14.995771385921767 0 51 2
E 17.98320981994388 18.09887312018652 1 8 2
E 0.1927704295098252 16.342312647360334 1 6 2
E 8.635435173067972 9.697233851992701 0 7 2
E 13.059256594483106 9.004228614078233 0 51 2
E 15.472563565531999 6.838159059393666 0 56 2
E 16.68842081742202 3.397255471814451 0 48 2
E 23.807229570490176 7.657687352639667 2 6 2
E 6.016790180056118 5.901126879813478 2 8 2
M 11.087882346788607 4.257971492349325 0 20
E 19.259712864561916 2.285825100360861 0 41 2
M 14.426811993104758 11.393752465670115 2 100
M 1.384467596963806 1.2038108132175558 0 35
