M 14.24556624670862 22.288004187336767 0 40
E 5.1541986048115245 23.021531071744295 1 31 2
E 13.040946427069292 20.237227942014638 0 5 2
E 10.732572211369554 17.97660646769047 0 24 2
E 17.836516955919727 13.471601910106267 0 13 2
M 23.271711027355888 15.863537581551096 1 100
E 3.8294607068356994 14.363957739746136 0 35 2
M 19.163487223261445 12.72378707642664 0 41
E 2.6065749453908778 18.87659174946635 0 56 2
E 15.687813851278184 17.08991171653886 1 35 2
E 18.845801395188477 0.9784689282557067 2 31 2
E 8.312186148721814 6.910088283461137 2 35 2
E 20.170539293164303 9.636042260253864 0 35 2
E 6.163483044080273 10.528398089893734 0 13 2
M 0.7282889726441099 8.136462418448902 2 100
E 21.39342505460912 5.123408250533652 0 56 2
M 4.836512776738554 11.27621292357336 0 41
E 10.959053572930708 3.7627720579853636 0 5 2
E 13.267427788630446 6.0233935323095285 0 24 2
M 9.75443375329138 1.7119958126632326 0 40
