E 16.493594416625708 21.095407041338138 1 50 2
E 6.8266171631968975 19.678267995478958 1 15 2
E 3.3103684394039887 13.35124315149642 0 31 2
E 23.009905732919503 12.490930675124954 0 3 2
E 10.331427784018475 23.292324810244754 0 8 2
M 13.263596235692315 22.275189775609192 0 35
M 5.563116912811739 17.28837473346424 0 47
E 19.420583612906103 18.3408403487811 0 13 2
M 17.359392878767615 15.054739903761682 1 100
E 4.380786315872514 16.206117686017006 0 22 2
E 7.506405583374291 2.904592958661864 2 50 2
E 19.619213684127487 7.793882313982993 0 22 2
M 6.640607121232383 8.945260096238318 2 100
M 10.736403764307685 1.7248102243908057 0 35
E 0.990094267080498 11.509069324875046 0 3 2
E 13.668572215981527 0.7076751897552491 0 8 2
E 4.5794163870938975 5.659159651218898 0 13 2
M 18.43688308718826 6.711625266535759 0 47
E 17.173382836803103 4.321732004521044 2 15 2
E 20.68963156059601 10.64875684850358 0 31 2
