E 4.896168983052236 16.32127992653985 0 28 2
M 7.6285732645933475 19.65628199435109 0 45
E 6.617080953651149 21.936483505096323 0 26 2
E 0.4327829496827462 12.050667413126536 0 21 2
E 12.566028834823765 17.466425910832577 0 18 2
M 15.57158532536622 14.739037610275997 1 100
E 9.227129332439329 13.529538068380456 0 56 2
E 1.699171225050661 21.175481496965393 1 35 2
E 22.871255363739245 18.543725695407918 1 36 2
M 20.781411722277397 22.777338810576612 0 36
E 23.567217050317254 11.949332586873464 0 21 2
E 19.103831016947765 7.678720073460147 0 28 2
E 1.1287446362607583 5.456274304592082 2 36 2
E 14.772870667560671 10.470461931619544 0 56 2
E 22.300828774949338 2.824518503034608 2 35 2
M 3.2185882777226014 1.2226611894233883 0 36
M 16.37142673540665 4.3437180056489115 0 45
E 11.433971165176235 6.533574089167426 0 18 2
M 8.42841467463378 9.260962389724002 2 100
E 17.382919046348853 2.063516494903678 0 26 2
