E 17.063601987562105 21.131465141303206 0 41 2
E 2.1899030982217793 14.536206265865653 0 42 2
M 19.90634990334497 17.579831384549312 1 100
E 17.759306206131036 12.968945271934881 1 2 2
E 19.054319733225018 21.895603244243485 0 59 2
E 23.376420154545297 18.82675350876807 0 15 2
E 16.15741895118857 16.509725316754007 0 28 2
E 6.135888467007684 22.58520303808778 1 11 2
M 14.384745046796136 15.759037173961673 0 1
M 10.070749075520983 20.17093706050909 0 31
E 4.945680266774984 2.1043967557565137 0 59 2
E 21.81009690177822 9.463793734134345 0 42 2
M 13.929250924479016 3.8290629394909117 0 31
E 17.864111532992318 1.4147969619122178 2 11 2
M 9.615254953203864 8.240962826038327 0 1
E 6.936398012437896 2.8685348586967923 0 41 2
M 4.093650096655027 6.420168615450689 2 100
E 0.6235798454547024 5.173246491231927 0 15 2
E 7.842581048811428 7.490274683245991 0 28 2
E 6.240693793868964 11.031054728065117 2 2 2
