E 6.18025810913548 20.56261278751329 0 37 2
E 17.96433748859209 12.525849976457986 0 44 2
M 9.997808749538837 16.27279745782908 1 100
E 1.8253826731828084 18.541283854050242 1 45 2
E 15.104882103879925 22.38956023309556 0 28 2
E 13.987760272452627 19.421684197284534 0 46 2
E 15.935159475494913 21.318542628605456 0 41 2
E 20.550874297729063 14.65826042273767 1 41 2
M 16.81886468045474 17.61544482049711 0 38
M 13.25917368756422 13.483317695144247 0 27
E 8.895117896120075 1.610439766904441 0 28 2
E 6.03566251140791 11.474150023542014 0 44 2
M 10.74082631243578 10.516682304855753 0 27
E 3.449125702270938 9.341739577262333 2 41 2
M 7.18113531954526 6.384555179502892 0 38
E 17.81974189086452 3.437387212486707 0 37 2
M 14.002191250461163 7.72720254217092 2 100
E 10.012239727547373 4.578315802715466 0 46 2
E 8.064840524505087 2.6814573713945458 0 41 2
E 22.17461732681719 5.458716145949755 2 45 2
