M 8.622306811660982 15.76770726430255 0 30
E 12.343299686902075 17.173171940053226 1 46 2
E 1.896772345807203 22.725600912067463 0 48 2
E 13.39927317830328 13.666317465123967 0 30 2
E 3.999528117520279 21.901536736510895 0 18 2
M 22.238478616952882 12.325150817375397 1 100
E 10.258683594203154 21.10944214322746 0 9 2
M 14.959137732775634 18.400102466134467 0 4
E 16.207177755111353 20.20807239809534 0 13 2
E 2.788259018598268 14.92589697920106 1 42 2
E 11.656700313097925 6.826828059946775 2 46 2
E 21.211740981401732 9.07410302079894 2 42 2
E 13.741316405796846 2.8905578567725403 0 9 2
E 20.000471882479722 2.0984632634891076 0 18 2
M 1.7615213830471206 11.674849182624603 2 100
E 7.792822244888645 3.791927601904663 0 13 2
M 9.040862267224366 5.599897533865532 0 4
E 22.103227654192796 1.2743990879325389 0 48 2
E 10.60072682169672 10.333682534876033 0 30 2
M 15.377693188339018 8.23229273569745 0 30
