E 1.5499614721465158 22.79841786996325 1 36 2
E 12.0053024437066 18.786335276032514 1 56 2
E 5.896923033550516 12.381720757280798 0 7 2
E 18.641100097853915 13.585191945840924 0 49 2
E 22.906422989459294 20.689339203090228 0 22 2
M 13.38098841033622 21.669044733135756 0 57
M 9.813571010918206 16.254416147452094 0 48
E 11.0027818990386 17.067439794781237 0 50 2
M 7.607776335821759 17.830127312854497 1 100
E 16.656434708957015 14.638203484727176 0 52 2
E 22.450038527853483 1.201582130036752 2 36 2
E 7.3435652910429825 9.361796515272822 0 52 2
M 16.39222366417824 6.169872687145504 2 100
M 10.619011589663781 2.3309552668642475 0 57
E 5.358899902146083 10.414808054159076 0 49 2
E 1.0935770105407059 3.31066079690977 0 22 2
E 12.9972181009614 6.932560205218763 0 50 2
M 14.186428989081794 7.745583852547907 0 48
E 11.9946975562934 5.213664723967487 2 56 2
E 18.103076966449482 11.618279242719202 0 7 2
