E 8.360013076364528 20.445127501572898 1 59 2
E 11.186595578315524 14.351884176497979 1 56 2
E 3.2879298876650758 15.854429888935078 0 55 2
E 19.706992583614884 16.66426020244402 0 26 2
E 22.185643588800065 13.40561433550937 0 2 2
M 16.363448211181296 21.36155706368327 0 13
M 10.44807741831597 17.767884855617154 0 15
E 0.4937231027671011 22.547265421926323 0 29 2
M 1.561294416883841 19.221055193764226 1 100
E 22.979144263218423 15.153547804798848 0 3 2
E 15.639986923635472 3.554872498427103 2 59 2
E 1.02085573678158 8.846452195201149 0 3 2
M 22.43870558311616 4.7789448062357724 2 100
M 7.6365517888187044 2.6384429363167285 0 13
E 4.293007416385118 7.335739797555979 0 26 2
E 1.8143564111999368 10.594385664490632 0 2 2
E 23.506276897232897 1.4527345780736787 0 29 2
M 13.55192258168403 6.232115144382847 0 15
E 12.813404421684476 9.648115823502021 2 56 2
E 20.71207011233492 8.145570111064924 0 55 2
