E 2.077980862261213 14.823428254419047 1 2 2
E 21.242395505153475 17.479100614306418 1 59 2
E 7.286660752378843 22.05096143957916 0 14 2
E 16.570367579797658 15.789832087551158 0 23 2
E 1.1320104935288362 19.354129577962265 0 38 2
M 22.948303023265463 13.879286037388493 0 24
M 17.474143398636063 23.06454593236331 0 52
E 2.951031314639658 12.63708931736008 0 7 2
M 9.323705624535455 18.345448265752452 1 100
E 13.715826205829881 20.080883264813227 0 35 2
E 21.92201913773879 9.176571745580953 2 2 2
E 10.284173794170117 3.9191167351867753 0 35 2
M 14.676294375464545 5.6545517342475495 2 100
M 1.0516969767345359 10.120713962611507 0 24
E 7.429632420202341 8.210167912448842 0 23 2
E 22.86798950647116 4.645870422037732 0 38 2
E 21.048968685360343 11.36291068263992 0 7 2
M 6.525856601363938 0.9354540676366895 0 52
E 2.757604494846524 6.520899385693582 2 59 2
E 16.713339247621157 1.949038560420835 0 14 2
