E 13.821616171730735 15.873696334382373 0 34 2
M 22.034863636539562 13.696111439245914 0 47
E 6.936627600256999 21.44865769030279 0 5 2
E 23.161560820903407 23.402853742593088 0 17 2
E 2.9719984688101007 20.617334735944127 0 20 2
M 18.87623024861313 15.140358053790996 1 100
E 5.211939058121626 12.206949993464542 0 56 2
E 4.384184581939127 19.185133006038043 1 39 2
E 0.6601220088955444 17.130940369106092 1 52 2
M 6.059427377853222 12.971050720091586 0 51
E 0.8384391790965935 0.5971462574069157 0 17 2
E 10.178383828269265 8.12630366561763 0 34 2
E 23.339877991104455 6.869059630893905 2 52 2
E 18.788060941878374 11.793050006535458 0 56 2
E 19.61581541806087 4.814866993961957 2 39 2
M 17.940572622146778 11.028949279908415 0 51
M 1.965136363460435 10.303888560754086 0 47
E 21.028001531189897 3.3826652640558734 0 20 2
M 5.12376975138687 8.859641946209004 2 100
E 17.063372399743 2.5513423096972065 0 5 2
