M 6.597394070790729 16.132931697676856 0 43
M 4.823973850159367 22.704173510612286 0 18
E 17.162536407311997 16.898243711428503 0 44 2
E 23.393376436814076 15.013027905737868 0 21 2
M 7.528147674950516 14.255252589939284 1 100
E 0.6397844363004779 21.289381600484777 0 18 2
E 15.468718357047663 20.270937685028294 0 51 2
E 16.32265955414411 12.48291172316407 0 3 2
E 2.98987995501402 13.293606035311447 1 6 2
E 1.634186795366046 17.704321210873083 1 20 2
E 6.837463592688001 7.101756288571496 0 44 2
E 7.677340445855892 11.51708827683593 0 3 2
E 23.360215563699523 2.7106183995152238 0 18 2
E 8.531281642952335 3.7290623149717077 0 51 2
E 22.36581320463395 6.295678789126919 2 20 2
E 21.010120044985978 10.706393964688553 2 6 2
M 17.40260592920927 7.867068302323142 0 43
E 0.6066235631859215 8.98697209426213 0 21 2
M 16.471852325049486 9.744747410060716 2 100
M 19.176026149840634 1.2958264893877114 0 18
