E 11.800394996678623 22.519904998224167 1 10 2
E 15.104908028505207 20.935283425073976 1 33 2
E 18.49727222913295 12.197876977764983 0 51 2
E 16.285648046156023 13.876857371305405 0 2 2
E 6.921538297105644 23.313099223700323 0 17 2
M 2.153345198761442 15.437520072059556 0 6
M 13.494444914176942 18.565943389444755 0 8
E 9.664985082644275 19.32728746237178 0 18 2
M 0.9849617449483631 17.690119444268525 1 100
E 21.10859520866143 16.188997163226354 0 53 2
E 12.199605003321377 1.4800950017758319 2 10 2
E 2.8914047913385703 7.811002836773648 0 53 2
M 23.01503825505164 6.309880555731473 2 100
M 21.84665480123856 8.562479927940444 0 6
E 7.714351953843978 10.123142628694595 0 2 2
E 17.078461702894355 0.6869007762996759 0 17 2
E 14.335014917355725 4.6727125376282235 0 18 2
M 10.505555085823058 5.434056610555244 0 8
E 8.895091971494793 3.0647165749260217 2 33 2
E 5.502727770867051 11.802123022235017 0 51 2
