E 2.026998191322914 20.756261173197856 0 14 2
M 19.757946393141264 19.08417114651464 0 49
E 23.524549484277546 16.538966248691175 0 38 2
E 22.579940957709056 19.76702913915704 0 58 2
E 8.05889146918083 23.362365441651413 0 29 2
M 9.341700718887868 17.260169117261334 1 100
E 13.053014242707041 15.850060715603268 0 2 2
E 15.09514566433883 12.261405940206037 1 14 2
E 17.41727707439377 14.782405304372492 1 21 2
M 3.776821414706653 21.49701889668686 0 30
E 1.4200590422909456 4.2329708608429595 0 58 2
E 21.97300180867709 3.243738826802145 0 14 2
E 6.582722925606229 9.21759469562751 2 21 2
E 10.946985757292957 8.149939284396732 0 2 2
E 8.90485433566117 11.738594059793963 2 14 2
M 20.223178585293347 2.5029811033131395 0 30
M 4.242053606858737 4.9158288534853565 0 49
E 15.94110853081917 0.6376345583485872 0 29 2
M 14.658299281112132 6.739830882738663 2 100
E 0.4754505157224543 7.461033751308824 0 38 2
