M 8.59592950231111 20.163901698642416 0 22
E 0.3979131439795765 19.088310846997963 1 41 2
E 7.774182842524513 22.140563933366714 0 20 2
E 6.356594664570065 14.064577335641658 0 54 2
E 18.488301010634537 17.889129705533843 0 21 2
M 13.995859154068402 21.171669248802186 1 100
E 9.951180742196476 16.661713280214713 0 46 2
M 22.958510995297523 15.301162300151594 0 14
E 3.3128529006067082 13.306244791994676 0 22 2
E 4.474913818748254 23.173682610092822 1 33 2
E 23.602086856020424 4.911689153002037 2 41 2
E 19.525086181251744 0.8263173899071787 2 33 2
E 14.048819257803524 7.338286719785286 0 46 2
E 5.511698989365466 6.1108702944661575 0 21 2
M 10.004140845931598 2.828330751197812 2 100
E 20.687147099393293 10.693755208005324 0 22 2
M 1.0414890047024756 8.698837699848404 0 14
E 16.225817157475486 1.8594360666332874 0 20 2
E 17.643405335429936 9.935422664358342 0 54 2
M 15.404070497688888 3.8360983013575862 0 22
