M 8.026098147814988 14.472907718736547 0 44
E 1.8994329637444785 22.517636471003186 1 10 2
E 18.395599660353728 17.33239317424468 0 40 2
E 15.527654219386557 23.45869862241638 0 12 2
E 0.28017724442746683 15.233479332738437 0 30 2
M 6.608797934373042 20.513910314485535 1 100
E 16.902063604674986 19.776110397725212 0 10 2
M 11.296770306208405 19.031282587038017 0 45
E 20.564207402157695 21.39760027887864 0 54 2
E 13.662597639400355 16.088113321954175 1 13 2
E 22.100567036255523 1.482363528996816 2 10 2
E 10.337402360599645 7.911886678045827 2 13 2
E 7.0979363953250125 4.223889602274787 0 10 2
E 23.71982275557253 8.766520667261561 0 30 2
M 17.39120206562696 3.4860896855144636 2 100
E 3.4357925978423056 2.6023997211213605 0 54 2
M 12.703229693791595 4.968717412961983 0 45
E 5.604400339646272 6.667606825755323 0 40 2
E 8.472345780613441 0.5413013775836191 0 12 2
M 15.973901852185012 9.527092281263453 0 44
