M 12.762816253175888 19.9292430490603 0 34
E 9.6142123041191 22.228747766752626 1 39 2
E 13.733376475523608 14.333931052775991 0 35 2
E 17.450113597994086 12.189982533911243 0 5 2
E 14.800184219416456 19.039431497166213 0 52 2
M 23.20665725130574 17.364919084925436 1 100
E 16.6111461064358 23.258685482165504 0 8 2
M 20.13646090727741 13.444915126265943 0 0
E 21.51498730162185 16.04835402467097 0 9 2
E 5.606770461137377 21.08853611225004 1 41 2
E 14.385787695880902 1.7712522332473752 2 39 2
E 18.393229538862624 2.911463887749958 2 41 2
E 7.3888538935642005 0.7413145178344941 0 8 2
E 9.199815780583544 4.960568502833789 0 52 2
M 0.7933427486942619 6.635080915074565 2 100
E 2.485012698378148 7.951645975329029 0 9 2
M 3.86353909272259 10.555084873734057 0 0
E 10.266623524476392 9.666068947224009 0 35 2
E 6.549886402005913 11.810017466088757 0 5 2
M 11.237183746824112 4.070756950939701 0 34
