E 21.76676737945698 23.447987036497857 0 15 2
M 9.017050381524658 16.67512307164592 0 39
E 16.385843122804733 12.06693533519279 0 56 2
E 3.2481114092702406 21.19805227582606 0 38 2
E 17.243606396517368 17.472640963143306 0 53 2
M 6.373958189956708 14.043639772957315 1 100
E 18.34751176757944 15.50828925614563 0 2 2
E 4.513617291526172 19.489846746171366 1 44 2
E 12.338247940115213 14.80129246395624 1 42 2
M 0.8283943722071868 12.816575717168396 0 26
E 20.751888590729756 2.8019477241739414 0 38 2
E 2.2332326205430206 0.5520129635021448 0 15 2
E 11.661752059884787 9.19870753604376 2 42 2
E 5.652488232420561 8.491710743854368 0 2 2
E 19.48638270847383 4.510153253828635 2 44 2
M 23.171605627792815 11.183424282831604 0 26
M 14.982949618475342 7.324876928354078 0 39
E 6.756393603482633 6.527359036856697 0 53 2
M 17.626041810043294 9.956360227042685 2 100
E 7.614156877195268 11.93306466480721 0 56 2
