E 6.872823770588633 13.318964185089698 0 45 2
M 20.8235210747261 14.449686681074178 0 19
E 19.51622497149524 21.654741493727393 0 4 2
E 3.5778553211949387 22.761882511610533 0 55 2
E 0.7685367889937801 20.511915356974672 0 59 2
M 9.588859066568551 16.806305148101835 1 100
E 13.937147533536466 12.642259686189735 0 53 2
E 16.008790402871746 18.77708216685589 1 25 2
E 17.480497651539356 17.980659094191463 1 31 2
M 2.318141049312055 15.632056968316936 0 8
E 20.42214467880506 1.238117488389466 0 55 2
E 17.12717622941137 10.6810358149103 0 45 2
E 6.519502348460645 6.019340905808535 2 31 2
E 10.062852466463536 11.357740313810265 0 53 2
E 7.991209597128252 5.222917833144107 2 25 2
M 21.681858950687946 8.36794303168306 0 8
M 3.1764789252739005 9.550313318925822 0 19
E 23.23146321100622 3.4880846430253305 0 59 2
M 14.411140933431449 7.193694851898167 2 100
E 4.483775028504757 2.3452585062726086 0 4 2
