E 12.687801590807233 18.06995615566954 0 49 2
M 19.972537039276784 14.435387900126335 0 37
E 5.680000278279557 12.33672034237141 0 15 2
E 19.11037379963283 17.384961207654108 0 36 2
E 21.7993229736394 13.212215567938975 0 33 2
M 7.688264983439612 16.219493628766255 1 100
E 10.067158226681112 20.094790159647083 0 51 2
E 8.74754666566084 21.9679169190714 1 10 2
E 1.5727765862242769 18.853844664315503 1 0 2
M 17.48224791798173 23.551144399616152 0 30
E 4.8896262003671715 6.615038792345894 0 36 2
E 11.312198409192767 5.930043844330459 0 49 2
E 22.42722341377572 5.146155335684497 2 0 2
E 13.932841773318888 3.9052098403529145 0 51 2
E 15.252453334339162 2.032083080928603 2 10 2
M 6.5177520820182675 0.44885560038384964 0 30
M 4.027462960723215 9.564612099873665 0 37
E 2.200677026360604 10.787784432061025 0 33 2
M 16.311735016560387 7.780506371233744 2 100
E 18.319999721720443 11.66327965762859 0 15 2
