M 22.902584562460056 22.710714982540566 0 42
M 1.3980642976096889 20.292056206685288 0 18
E 15.255907978396994 17.071668862268943 0 59 2
E 18.53884892540147 12.042962574805689 0 7 2
M 12.820836631769414 21.17389310676325 1 100
E 16.687673048157766 14.980829419549414 0 58 2
E 13.743391352209528 13.272035537555501 0 43 2
E 21.571663367925584 16.342738634669736 0 52 2
E 4.792294090823651 19.365327781537268 1 18 2
E 3.1651640559178045 17.89822889298044 1 40 2
E 8.744092021603006 6.928331137731054 0 59 2
E 2.4283366320744166 7.657261365330264 0 52 2
E 7.312326951842235 9.019170580450588 0 58 2
E 10.256608647790472 10.727964462444499 0 43 2
E 20.834835944082197 6.10177110701956 2 40 2
E 19.207705909176347 4.634672218462731 2 18 2
M 1.0974154375399423 1.2892850174594344 0 42
E 5.461151074598529 11.957037425194311 0 7 2
M 11.179163368230586 2.82610689323675 2 100
M 22.601935702390314 3.707943793314712 0 18
