M 7.90059296871564 12.432620233182481 0 40
E 22.2478773321738 19.208468345674806 0 56 2
M 14.041407797422078 15.159921559984278 1 17
E 9.70850259182065 16.693283483097233 0 8 2
E 2.927047562549186 23.023398461777077 1 50 2
E 20.647674063544425 21.164528125697206 0 14 2
M 9.958592202577922 8.840078440015722 2 17
E 1.7521226678261996 4.791531654325193 0 38 2
E 21.072952437450812 0.9766015382229248 2 49 2
E 14.29149740817935 7.306716516902766 0 44 2
E 3.352325936455574 2.8354718743027925 0 18 2
M 16.09940703128436 11.567379766817519 0 18
