E 20.409432071677223 23.171659822217926 0 42 2
E 10.199907247980821 14.644335333455956 0 51 2
M 6.0807874701613684 19.193675739129205 1 34
E 12.550595468918207 12.813771090067272 1 26 2
M 18.04342627578278 17.366150463758107 0 60
E 7.4422085994055065 21.4871741426423 0 48 2
M 5.956573724217217 6.633849536241894 0 44
E 11.449404531081793 11.186228909932728 2 26 2
E 16.557791400594493 2.5128258573577 0 9 2
E 13.800092752019179 9.35566466654404 0 44 2
E 3.590567928322777 0.8283401777820728 0 14 2
M 17.91921252983863 4.806324260870797 2 6
