E 6.3029641451256655 22.81482525262072 0 17 2
E 2.464825921494146 12.60065483733707 0 29 2
M 1.098723956215585 19.31496201397115 1 49
E 15.298095629552785 14.03365489007191 1 26 2
M 11.079966014796167 21.335801635634688 0 60
E 18.167304152471655 17.259082430873313 0 15 2
M 12.920033985203833 2.664198364365311 0 6
E 8.701904370447213 9.96634510992809 2 40 2
E 5.832695847528346 6.740917569126685 0 31 2
E 21.535174078505854 11.39934516266293 0 41 2
E 17.697035854874336 1.185174747379277 0 41 2
M 22.901276043784414 4.685037986028851 2 5
