E 17.93339168455235 13.626188521194289 0 19 2
E 9.706164318033197 18.685373915983398 0 57 2
M 19.43081817941474 20.240451698425517 1 46
E 4.152992325516804 12.001432810930236 0 46 2
E 1.655821539522418 22.81626253676137 1 7 2
M 14.249850558936114 16.213979022006207 0 58
E 19.847007674483198 11.998567189069764 0 3 2
M 4.56918182058526 3.7595483015744806 2 3
E 22.344178460477583 1.18373746323863 2 1 2
E 6.066608315447651 10.373811478805711 0 21 2
E 14.293835681966803 5.3146260840166 0 46 2
M 9.750149441063886 7.7860209779937914 0 56
