E 1.254164814899795 16.255201061159003 0 12 2
E 9.030916419796405 20.69599126237427 0 35 2
M 17.562336393857375 22.690656254010303 1 20
E 11.138440123561024 14.69083216892408 1 59 2
M 4.657807677522031 18.858727425061186 0 32
E 7.009857928050495 12.14297064789073 0 53 2
M 19.342192322477967 5.141272574938813 0 0
E 12.861559876438974 9.309167831075921 2 60 2
E 16.990142071949503 11.85702935210927 0 0 2
E 14.969083580203597 3.3040087376257277 0 16 2
E 22.745835185100205 7.744798938840999 0 47 2
M 6.437663606142624 1.3093437459896982 2 11
