E 17.07463490830819 14.282506573898957 0 55 2
M 9.376734707143616 12.003235656199665 1 35
E 15.289706714471816 18.17884538405255 1 53 2
M 2.3846414808832366 21.512739071656274 0 42
E 0.558960124616155 16.029921829251382 0 34 2
E 11.283634314847133 23.042937716695786 0 48 2
E 6.925365091691811 9.717493426101045 0 60 2
E 12.716365685152867 0.9570622833042137 0 30 2
E 23.441039875383844 7.97007817074862 0 57 2
E 8.710293285528184 5.8211546159474485 2 59 2
M 14.623265292856384 11.996764343800335 2 38
M 21.61535851911676 2.4872609283437273 0 31
