E 22.817891801097524 14.637438220890951 0 14 2
E 12.833431629807412 23.123967929451666 0 33 2
M 3.538420144606038 21.59128588699986 1 58
E 21.27825395393076 16.874392804117825 1 42 2
M 6.98468480591716 20.1398610545075 0 34
E 17.45613915309574 12.228710322451407 0 5 2
M 17.01531519408284 3.8601389454925026 0 35
E 2.7217460460692378 7.125607195882177 2 51 2
E 6.543860846904259 11.771289677548593 0 21 2
E 11.166568370192588 0.8760320705483317 0 15 2
E 1.1821081989024749 9.362561779109049 0 40 2
M 20.461579855393964 2.4087141130001415 2 50
