E 14.330912502118391 15.204759629560868 0 47 2
E 2.809807453645627 23.181834407140393 0 5 2
M 6.8768122632530035 18.666942375536937 1 19
E 17.873824647462417 17.249191527676395 1 55 2
M 4.826708108367965 21.659027852015093 0 41
E 1.128270008005142 12.490208042177875 0 48 2
M 19.173291891632037 2.340972147984906 0 31
E 6.126175352537583 6.750808472323607 2 31 2
E 22.87172999199486 11.509791957822125 0 47 2
E 21.19019254635437 0.8181655928596058 0 39 2
E 9.669087497881609 8.79524037043913 0 27 2
M 17.123187736746996 5.333057624463063 2 52
