E 12.461551868080385 19.367732504365303 0 52 2
M 7.068282606106149 17.991934099075287 1 25
E 11.105990775337322 20.743659757252765 1 34 2
M 4.234694508798764 14.779300194826934 0 5
E 17.42045266141153 22.373805542251446 0 6 2
E 23.066423385391964 12.63456341056164 0 22 2
E 11.538448131919615 4.632267495634698 0 11 2
E 0.9335766146080331 11.36543658943836 0 41 2
E 6.579547338588471 1.6261944577485514 0 47 2
E 12.894009224662678 3.256340242747238 2 48 2
M 16.93171739389385 6.0080659009247155 2 28
M 19.76530549120124 9.220699805173066 0 24
