E 18.543644201238273 14.299628582744841 0 51 2
E 16.808211096766023 21.00800752234938 0 36 2
M 2.319603785129236 12.387076472802539 1 46
E 6.1830610337362994 16.554007706369532 1 56 2
M 8.724005703430679 23.19605696441638 0 19
E 3.983294680923828 19.388724386742812 0 43 2
M 15.27599429656932 0.8039430355836181 0 41
E 17.8169389662637 7.445992293630468 2 59 2
E 20.016705319076173 4.611275613257189 0 3 2
E 7.191788903233979 2.991992477650623 0 23 2
E 5.4563557987617255 9.700371417255159 0 6 2
M 21.68039621487076 11.612923527197461 2 18
