E 0.20340391858808146 20.464447406046183 0 46 2
M 5.166089796605862 18.571212112878204 1 55
E 18.019570635094503 22.213700342742914 1 6 2
M 7.165649973079502 13.04329535503203 0 21
E 11.984722535664414 14.409314607072172 0 39 2
E 21.153322053181817 15.783269753964529 0 56 2
E 23.796596081411916 3.5355525939538195 0 34 2
E 2.846677946818184 8.216730246035471 0 45 2
E 12.015277464335586 9.590685392927828 0 35 2
E 5.980429364905495 1.786299657257088 2 52 2
M 18.833910203394137 5.428787887121798 2 56
M 16.834350026920497 10.95670464496797 0 58
