E 19.843343387839816 17.07450427006297 0 20 2
E 12.684050046933205 23.056416895176245 0 17 2
M 6.389655363845568 13.201355304227064 1 56
E 0.9901831049601938 15.648780167276527 1 34 2
M 9.683546608311438 21.4302931300414 0 39
E 16.08034102101358 19.579900174096053 0 16 2
M 14.31645339168856 2.569706869958604 0 55
E 23.00981689503981 8.351219832723475 2 34 2
E 7.919658978986419 4.420099825903948 0 45 2
E 11.315949953066795 0.9435831048237574 0 51 2
E 4.156656612160182 6.925495729937029 0 54 2
M 17.61034463615443 10.798644695772937 2 43
