E 4.777306326158682 15.966726784902269 0 49 2
M 16.207433922849948 20.140905389168385 1 15
E 12.05560488452779 22.973975474024446 1 14 2
M 7.806925710669624 13.7167923506084 0 28
E 20.796244741125616 12.133014044727528 0 43 2
E 6.336121668694249 18.11485075631846 0 26 2
E 19.222693673841317 8.033273215097731 0 4 2
E 17.66387833130575 5.885149243681539 0 7 2
E 3.2037552588743834 11.866985955272472 0 50 2
E 11.94439511547221 1.026024525975553 2 22 2
M 7.792566077150052 3.859094610831614 2 58
M 16.193074289330376 10.2832076493916 0 49
