E 9.789439923833061 16.709642642968383 0 51 2
E 8.201122190041106 22.860765354463382 0 7 2
M 22.51105052821942 19.893177469567938 1 51
E 3.494117670202128 13.211353063213384 1 42 2
M 20.38301317499694 21.440063091394954 0 54
E 13.246526380666936 18.350327455124436 0 6 2
M 3.6169868250030617 2.5599369086050485 0 1
E 20.505882329797874 10.788646936786616 2 21 2
E 10.753473619333064 5.649672544875562 0 2 2
E 15.798877809958896 1.1392346455366158 0 28 2
E 14.210560076166939 7.290357357031615 0 44 2
M 1.4889494717805818 4.106822530432062 2 52
