M 13.983614452433994 15.074235186910897 0 37
E 12.058331435205316 13.237946464991575 0 58 2
M 20.317776793773128 17.96606889608883 1 16
E 5.3432742551949115 19.66152178455634 0 10 2
E 0.2676865315577558 21.715683443908176 1 44 2
E 8.940447406917874 23.2408338649106 0 21 2
M 3.682223206226871 6.033931103911169 2 56
E 11.941668564794684 10.762053535008427 0 37 2
E 23.732313468442243 2.284316556091826 2 3 2
E 18.65672574480509 4.338478215443659 0 23 2
E 15.059552593082126 0.7591661350894 0 54 2
M 10.016385547566005 8.925764813089103 0 52
