E 0.8579087292758395 16.3567517060792 0 37 2
E 11.118561457708397 17.82818591865806 1 39 2
M 22.414895034686094 20.41368287770063 0 45
M 19.142535678213967 14.960797205876691 1 9
E 15.809454598320333 13.372506890403088 0 46 2
E 17.617875196683652 22.21959938928563 0 6 2
E 23.142091270724162 7.643248293920797 0 45 2
E 6.382124803316347 1.7804006107143693 0 2 2
E 8.190545401679667 10.627493109596914 0 18 2
M 1.5851049653139058 3.5863171222993686 0 59
E 12.881438542291601 6.171814081341937 2 57 2
M 4.857464321786031 9.039202794123309 2 51
