E 17.019198289896345 18.452146828164622 0 36 2
E 8.714017328571115 14.036543507601806 0 43 2
M 5.753837737246748 19.846810305759664 1 25
E 22.351494798911045 16.16882363494701 1 52 2
M 20.721826158287303 22.27050311552083 0 9
E 1.7683706247628237 12.31285503887371 0 5 2
M 3.2781738417126975 1.7294968844791712 0 7
E 1.648505201088956 7.831176365052987 2 60 2
E 22.231629375237176 11.68714496112629 0 40 2
E 15.285982671428883 9.963456492398194 0 26 2
E 6.980801710103658 5.547853171835376 0 51 2
M 18.246162262753252 4.153189694240334 2 12
