E 16.45916420233802 23.03019767559104 0 17 2
E 22.807965812000624 12.049147922948773 0 42 2
M 9.635976334193609 14.820439296006976 1 20
E 3.8552799203040222 20.908233680994933 1 38 2
M 18.019087459553592 17.808943257530284 0 17
E 5.627123203826887 16.290514317665835 0 13 2
M 5.9809125404464085 6.191056742469715 0 12
E 20.14472007969598 3.0917663190050666 2 44 2
E 18.372876796173113 7.709485682334163 0 27 2
E 1.1920341879993785 11.950852077051227 0 2 2
E 7.540835797661981 0.9698023244089576 0 16 2
M 14.364023665806391 9.179560703993022 2 19
