M 19.499709931025677 16.422211341305292 0 8
E 4.94670118235978 21.96135797045907 0 38 2
M 2.7916729300840637 19.80495299888782 1 51
E 21.18539146007845 18.228248067603268 0 24 2
E 0.29065259444690883 13.26022270149995 1 30 2
E 7.273754589348391 14.691681220429075 0 50 2
M 21.20832706991594 4.195047001112178 2 54
E 19.05329881764022 2.038642029540931 0 16 2
E 23.70934740555309 10.73977729850005 2 54 2
E 2.814608539921552 5.77175193239673 0 37 2
E 16.726245410651607 9.308318779570927 0 42 2
M 4.500290068974323 7.57778865869471 0 35
