E 22.336169270628126 12.049605007740391 0 6 2
M 17.655394096321213 21.734828466015557 1 1
E 2.613175866531579 13.450273916944777 1 38 2
M 0.05914003820223499 15.256308992873546 0 15
E 19.9974900325199 20.34471128987863 0 14 2
E 4.849662659764887 18.19141817794778 0 7 2
E 1.6638307293718768 11.950394992259609 0 57 2
E 19.150337340235115 5.808581822052221 0 41 2
E 4.002509967480103 3.65528871012137 0 49 2
E 21.38682413346842 10.549726083055223 2 35 2
M 6.344605903678785 2.2651715339844407 2 23
M 23.940859961797766 8.743691007126454 0 8
