E 16.41018383935593 22.507308862012174 0 49 2
E 21.663349103495687 20.613455797149914 0 57 2
M 8.33534510299939 16.627390515642183 1 0
E 10.221959021527052 12.227775662439843 0 9 2
E 20.059140060211146 19.13331279812239 1 12 2
M 6.127060235664418 14.290542660737383 0 49
E 13.77804097847295 11.772224337560157 0 11 2
M 15.664654897000611 7.372609484357815 2 40
E 3.9408599397888535 4.866687201877609 2 19 2
E 7.589816160644067 1.492691137987825 0 60 2
E 2.336650896504314 3.3865442028500885 0 34 2
M 17.87293976433558 9.709457339262617 0 45
