E 5.7660457031071335 19.720398678008117 0 55 2
E 3.2696000983263467 12.031073253556327 0 20 2
M 22.671029655269614 13.739225139543453 1 36
E 18.03920425165973 16.925219458091206 0 38 2
E 19.411172888055642 15.240937363190929 1 24 2
M 8.470845462837465 21.079929805983372 0 20
E 5.960795748340271 7.074780541908792 0 37 2
M 1.3289703447303851 10.260774860456547 2 56
E 4.588827111944359 8.759062636809071 2 46 2
E 18.23395429689287 4.279601321991885 0 28 2
E 20.730399901673657 11.968926746443673 0 16 2
M 15.529154537162537 2.9200701940166263 0 43
