E 18.54992897797636 12.584009743133441 0 37 2
M 7.530241103721454 16.471213166377122 1 17
E 16.65889805825626 20.2854000810995 1 30 2
M 4.697895841834233 14.750881094926049 0 2
E 22.158111600628978 18.14460898242346 0 3 2
E 13.111934188925659 21.980410263678472 0 10 2
E 5.450071022023638 11.415990256866559 0 26 2
E 10.888065811074343 2.019589736321527 0 18 2
E 1.8418883993710211 5.85539101757654 0 34 2
E 7.341101941743742 3.7145999189005012 2 19 2
M 16.469758896278545 7.528786833622877 2 16
M 19.30210415816577 9.249118905073951 0 2
