E 13.285333602567103 12.235009382557804 0 11 2
E 23.002473571613596 16.552022887292953 0 50 2
M 19.961299840490405 21.260470632803525 1 53
E 14.82466005633375 13.95323688357613 1 55 2
M 11.876802171985913 18.78822780742275 0 7
E 17.228141406940495 22.89385594344793 0 55 2
M 17.940376641911083 8.712578545039893 0 53
E 12.279222732618802 8.577154192371728 2 11 2
E 18.820285288723756 2.0253687552882504 0 57 2
E 10.440930673197089 0.1955669388692435 0 49 2
E 11.560857294139202 10.769363756560214 0 13 2
M 16.039152898762406 0.47507677458855396 2 53
E 2.556595755189312 19.252410173837802 0 31 2
M 6.182821186103004 8.499193647537359 0 23
E -0.04842669566424931 11.080775301263817 0 35 2
M -4.527392528096641E-4 14.26445259260792 3 12
E 8.89611721104745 13.469608924052144 3 38 2
E 11.153809103293693 12.99562686088198 0 17 2
