E 5.58 1.08 1 18 2
E 5.88 3.27 0 30 2
E 2.97 5.07 1 21 2
E 11.01 3.06 0 9 2
M 6.69 0.27 1 45
E 18.84 2.91 0 28 2
E 16.98 4.71 1 19 2
M 13.8 3.57 0 41
M 14.4 4.02 1 57
E 18.03 1.77 0 31 2
M 1.35 9.63 2 60
E 4.38 11.79 0 5 2
E 4.26 8.88 2 2 2
E 8.52 8.31 0 39 2
M 4.86 7.56 0 45
E 17.55 10.41 0 24 2
E 19.44 11.01 2 31 2
M 21.54 11.46 2 48
E 15.99 7.47 0 9 2
E 23.28 9.42 2 55 2
M 1.98 14.73 3 58
E 11.19 17.37 3 15 2
E 3.51 16.08 3 54 2
E 3.57 17.31 0 49 2
E 6.03 15.93 0 7 2
M 21.3 13.86 0 21
E 23.07 16.26 0 56 2
E 23.61 15.36 3 18 2
E 14.61 15.15 0 20 2
M 20.49 14.4 3 4
E 6.72 19.74 0 18 2
E 4.92 21.84 0 46 2
E 3.24 20.49 4 15 2
M 3.51 23.61 4 18
M 10.62 23.16 0 47
E 19.95 18.39 0 11 2
E 18.42 23.55 0 6 2
E 19.68 18.33 4 3 2
M 18.72 23.64 4 55
E 19.26 21.54 4 41 2
