E 7.640102192642535 14.863811900843325 0 36 2
E 5.983082520786963 13.460077647054518 0 60 2
M 10.889240096331548 12.010476728282999 1 12
E 20.582330458272263 22.734224527259613 1 37 2
M 18.292755446239504 18.71874320648438 0 10
E 9.42534349863219 20.120582237001678 0 15 2
M 5.707244553760498 5.281256793515622 0 10
E 3.4176695417277374 1.2657754727403883 2 52 2
E 14.574656501367809 3.8794177629983198 0 18 2
E 18.01691747921304 10.539922352945482 0 13 2
E 16.359897807357463 9.136188099156675 0 45 2
M 13.110759903668452 11.989523271717001 2 41
