E 17.01291861588611 21.191471635178544 0 32 2
E 12.960815761438088 16.364871582204632 0 48 2
M 19.902067791699675 14.15357915603399 1 11
E 22.16130906940014 22.83295530771094 1 15 2
M 10.853439028198375 19.30145453035774 0 57
E 18.39687361147909 12.148843850049513 0 5 2
M 18.896525593767596 9.342223663389111 0 22
E 16.300959959839073 -2.2164294436612026 2 7 2
E 8.930465749600419 6.385723022636042 0 56 2
E 15.299681793726943 8.985473351135813 0 48 2
E 17.45358862628566 3.0629493139494306 0 53 2
M 9.91402036233625 4.079818971944287 2 34
E 7.739502444834969 10.649655066659554 0 18 2
M 6.250035378034033 7.356321806253145 0 43
E 8.67266063892049 17.465433127314444 0 56 2
M 6.183911845964073 17.76660187202172 3 23
E -2.4622690292392138 15.383474135950262 3 52 2
E 1.5334927578282305 11.745579050872019 0 31 2
