E 10.866539734898895 16.667001034937233 0 7 2
M 3.8122922208166314 12.520742196981871 1 19
E 0.02352946771719644 20.645604957690573 1 58 2
M 12.849622923513405 15.044743774220043 0 19
E 15.387159718343758 22.52080458632734 0 25 2
E 17.9642551457794 18.875352902176388 0 5 2
E 13.133460265101103 7.332998965062768 0 48 2
E 6.0357448542206 5.124647097823609 0 20 2
E 8.61284028165624 1.4791954136726608 0 4 2
E 23.976470532282804 3.3543950423094286 2 36 2
M 20.18770777918337 11.479257803018129 2 37
M 11.150377076486595 8.955256225779957 0 14
