E 10.662267536858618 21.141004892578835 0 40 2
E 16.66812205196074 16.757226188981907 0 49 2
M 22.498656844548044 12.18639019884092 1 2
E 20.177325406757895 19.403533727629508 1 38 2
M 13.321664075504646 13.65771357892395 0 23
E 9.02507858666677 23.231984547709867 0 5 2
M 12.774790033794236 10.02654854588173 0 1
E 14.322985582523108 1.2164615989209964 2 49 2
E 23.21464465989763 8.960365244353948 0 56 2
E 13.785817705226588 5.5786746205447075 0 22 2
E 20.585208684661804 8.588007850258151 0 11 2
M 6.912090224938649 2.814701367585558 2 55
E 5.546060242812669 13.664099190473385 0 12 2
M 9.903545890701118 12.315737875194323 0 7
E 3.7602767534356025 3.8076502079361774 0 37 2
M 6.589252930513304 20.998908433573522 3 38
E 1.4996890107189997 15.380004673449495 3 46 2
E 4.752523778479579 6.2709872571630125 0 37 2
