E 8.90325776754138 18.378943448187 0 11 2
M 17.498204121060688 19.84642703708502 1 36
E 13.107762570313298 15.783267244680923 1 3 2
M 15.751174198104005 12.105771053998904 0 5
E 10.556198585066346 22.569497132983667 0 30 2
E 20.14075352722879 13.863757178769665 0 43 2
E 19.072698191663555 11.4923857181878 0 21 2
E 9.543684299685754 4.0180220500872625 0 27 2
E 21.875353729857476 7.965620136860629 0 44 2
E 14.722524258042592 9.149015850406677 2 48 2
M 16.04610308252635 3.3152020374266455 2 34
M 10.216013320696105 8.69850232342176 0 9
E 8.169713171644114 11.067716904912398 3 48 2
E 6.315562173085456 18.11822077114307 0 23 2
E 8.024044040795065 6.128670833625198 0 31 2
M 10.03281248119989 15.195726622579338 0 42
E 3.568447685076181 5.464882730155699 0 31 2
M 2.455692796412964 12.83837092548833 3 35
