M 22.144501086132493 16.640268669927266 0 22
E 12.935465997156962 13.609276224899375 0 35 2
M 7.113868062512391 20.820979137222402 1 1
E 9.015456601076355 22.42084032532694 0 40 2
E 15.895399191812302 18.161904294672258 1 24 2
E 17.667177828452086 15.201506187707457 0 14 2
M 22.08225798783094 11.82102481549555 2 4
E 12.9259410938907 10.385224569635843 0 19 2
E 15.38866605896846 5.54553319467305 2 10 2
E 22.516984149976246 9.374270239501564 0 28 2
E 11.938996774701689 5.491326938942836 0 28 2
M 10.946340005475797 0.8944700157267989 0 15
E 4.715934749219242 12.292562510654694 3 58 2
E 10.13859290895234 12.00549920546478 0 48 2
M 2.90915890839171 18.46526131434593 0 32
M 6.803873949656671 3.357996047282048 3 49
E 6.393825396846226 15.307166873349706 0 2 2
E 4.467559248947403 4.204889435171497 0 33 2
