E 23.144848175548564 17.765001730716058 0 56 2
E 21.568716929055764 23.10071383973439 0 12 2
M 12.633545950811945 19.38698671198741 1 50
E 16.6423951656152 21.185751838823716 1 56 2
M 14.094645993420324 14.444616613296489 0 40
E 11.145595407434532 16.14718494675138 0 54 2
M 13.069777092918079 8.963675051114464 0 30
E 17.63389686247336 3.386691932759316 2 55 2
E 16.018769814361843 10.6663436088961 0 14 2
E 16.829141720823603 -1.8371088620517084 0 19 2
E 11.420213863887081 -0.5342225067037333 0 20 2
M 18.080545174593208 7.757839756138385 2 17
E -2.3978586498793675 14.736395022317314 0 16 2
M 8.8355769136616 12.591708335589043 0 29
E 8.835634778203625 9.18647144435252 0 13 2
M 5.285908874594847 8.855173531874202 3 48
E 1.7237079719114419 11.427556228416965 3 11 2
E 1.4349379605643562 18.769220775987677 0 2 2
