M 21.49717296989786 16.563402673885 0 36
E 19.063142149026522 14.366155836322113 0 20 2
M 16.70002904352721 20.47510030122707 1 16
E 7.360269141317457 22.079386687025618 0 59 2
E 14.0701518760638 12.581276470765095 1 5 2
E 12.068766782510078 19.02693951286983 0 4 2
M 16.98963763872019 3.6921052991672263 2 48
E 10.517579989054505 4.7000615502413625 0 33 2
E 11.468324252272833 9.916557650254186 2 29 2
E 23.04887035487213 10.97843144682886 0 56 2
E 18.051124737746882 8.426976462974837 0 28 2
M 11.203436158333314 1.4935056069910502 0 40
E 10.461523871663363 13.502165878980719 3 11 2
E 6.419277861918973 16.933782613436524 0 33 2
M 3.2993908717688236 17.94309171912395 0 34
M 2.3103333177526038 11.832794399605701 3 43
E 5.880108479743038 8.546084024155329 0 28 2
E 5.590860503810418 2.942181866145517 0 7 2
