E 7.4131758606616245 20.020172428988893 0 51 2
M 14.052344251844222 18.33504706070253 1 15
E 20.341150583419306 21.505700051999515 1 55 2
M 21.77577596709249 14.166767292989942 0 46
E 16.488054217421066 12.7113644808671 0 30 2
E 10.847237072349344 16.96844209103269 0 34 2
E 21.239085135905114 11.962220012864284 0 29 2
E 16.87917853189151 10.514100934370049 0 44 2
E 10.372032603070306 7.757548793717919 0 35 2
E 16.06160243407699 0.023501671967735404 2 56 2
M 16.460139562816217 7.055094210240672 2 39
M 8.988587536272288 2.450546024297547 0 15
E -0.40275301749629266 14.470798276032747 3 48 2
E 8.273584395759144 8.517456974597264 0 30 2
E 7.347739003433264 4.017607558146824 0 51 2
M 5.235636496635223 19.382686682712507 0 14
E 9.139913179508628 15.53108672541498 0 5 2
M 5.487516185339561 10.6098587290568 3 2
