E 17.839568712554918 12.211176580384832 0 25 2
E 19.57046685036202 19.086570242337096 0 18 2
M 16.30997893041034 22.428225445731222 1 45
E 21.573383093273595 14.383228884437745 1 5 2
M 13.64834081283575 16.989210398759194 0 53
E 8.947430839724808 20.740887150610124 0 48 2
M 15.496612543733079 8.077889782609954 0 44
E 9.277245210319139 2.517592598845745 2 58 2
E 21.096114904178936 10.27315886430219 0 30 2
E 14.351916430385765 1.9004982679099747 0 10 2
E 9.263099927020132 6.837196857590234 0 39 2
M 18.87611868718937 3.0533360336233524 2 29
E 2.077616719252217 15.012931489752924 0 36 2
M 6.855046643431175 10.93289981863085 0 6
E 5.956454256096258 4.985953985087688 0 36 2
M 0.8139023824002912 10.518438520645422 3 10
E 5.149371696407265 19.09917851671651 3 20 2
E 8.897331360424946 16.951626562024934 0 44 2
