E 8.867509219499471 19.594682905443072 0 57 2
M 11.330309734279023 17.006482465843 0 53
M 7.025222055424675 21.984649870135275 1 2
E 22.62567185783367 15.296046702275225 0 54 2
E 21.243798238820357 13.884100336832478 0 53 2
E 16.27693398876961 12.099680296830389 1 4 2
E 9.947858674927085 8.246226367001217 2 58 2
M 23.134349407717806 11.31595914312113 2 27
M 16.670586131881883 10.07672754986002 0 13
E 9.54162424731344 1.1498748877010392 0 48 2
E 20.143433720051373 10.915475140312466 0 58 2
E 9.009779635565566 3.0525857293074803 0 26 2
E 5.746422125614076 19.06331393386004 0 53 2
M 5.840428536857521 2.6993909867435937 3 47
E 3.832703894852892 19.554078410023735 0 52 2
E 9.775207336303305 15.654093336168396 3 22 2
E 6.9890570604491575 5.48984195424446 0 30 2
M 7.9991041338390945 8.91678998429698 0 20
