E 14.607868701123053 16.142563056352653 0 0 2
E 19.60609476210437 13.972250406328175 0 18 2
M 16.760117538197576 22.473628962346336 1 9
E 10.236184017404582 18.95129004928014 1 18 2
M 12.510085178451122 12.564486667178453 0 23
E 21.376013232290415 20.719112413149926 0 48 2
M 12.233817204648593 11.276009943778183 0 33
E 18.901901763048294 10.051864423888574 2 57 2
E 14.862966232094871 -0.4794218519575125 0 29 2
E 9.904971573452196 4.426803509261771 0 58 2
E 14.28363049301878 7.6702379269167835 0 25 2
M 18.69036998210559 2.640802805747889 2 47
E 6.488933664443431 17.60094608441005 0 59 2
M 11.256097616900286 12.15950338904336 0 44
E -0.23897946438528947 15.760309438807578 0 2 2
M 0.5495124796968334 10.88556823190577 3 14
E 6.861914219547126 6.996845526831282 3 58 2
E 7.108500805858168 12.187199016730563 0 56 2
