E 12.963741573713515 13.842974696623859 0 37 2
M 19.695528498104807 17.166092451149474 1 31
E 16.681563669971336 22.42469525855305 1 12 2
M 4.958138346092044 12.45573367945475 0 22
E 11.232704371420542 19.8767740437726 0 7 2
E 22.853672248661955 15.258874242286378 0 45 2
E 11.036258426286487 10.157025303376141 0 53 2
E 1.146327751338046 8.741125757713622 0 38 2
E 12.767295628579458 4.123225956227399 0 42 2
E 7.318436330028663 1.5753047414469505 2 47 2
M 4.304471501895195 6.833907548850524 2 9
M 19.041861653907954 11.54426632054525 0 29
