E 6.452168232902501 23.19706345195506 0 37 2
E 20.42469918249381 20.280978034031627 0 33 2
M 17.457015571477307 12.557192860261134 1 4
E 22.77911999562032 17.01511392403791 1 18 2
M 14.922956018809936 21.78662703201862 0 12
E 10.824287365124565 18.574056820397452 0 10 2
M 19.01398961768666 4.575332317556662 0 23
E 10.953656063279732 0.15745129133304375 2 53 2
E 18.281156529824262 9.73116859915374 0 51 2
E 14.959187754405402 0.563507471702556 0 6 2
E 24.47085728072811 11.20603152025122 0 48 2
M 9.754035386054804 6.99548945612283 2 20
E 0.6161130631007872 15.155514494265816 0 55 2
M 2.0630543635034053 9.638040650424713 0 10
E 6.8945561050511746 7.694774580448811 0 39 2
M 8.78894904246789 16.447317683616035 3 22
E 2.267223941099948 18.827434784629045 3 38 2
E 5.076974486369391 1.5969050277937185 0 3 2
