E 17.595802594044983 23.026696559770766 1 33 2
M 14.978696797888494 18.642172969660972 0 28
M 13.162249629574887 15.482717453246142 1 26
E 20.571931624504693 12.584314327766364 0 36 2
E 7.7806615366833665 20.42061114572283 0 6 2
E 9.339350387097344 16.944364401618703 0 36 2
M 16.26294212911248 6.099286418026717 0 43
E 18.751498043561472 1.6405445191088028 2 17 2
E 17.612269983820568 11.832007954533582 0 42 2
E 8.220065239388553 4.28433228979254 0 15 2
M 14.434996973927156 9.252103568626023 2 32
E 21.402132399244678 11.443748723535586 0 4 2
E 7.208003136106751 19.131353382441095 0 25 2
E -0.34730063760645324 11.332758921120424 3 40 2
M 4.758361072999024 11.258540612312306 0 16
E 6.817206064071959 4.13564013074158 0 15 2
E 9.048379629082088 7.223627643847715 0 50 2
M 8.402753396497957 11.265178978127832 3 26
