E 11.442726385289305 16.80842842386303 0 35 2
E 15.576662490474954 15.18712829968128 0 23 2
M 22.719935978709323 18.194594727462793 1 23
E 20.208271029516318 12.832173746789163 1 25 2
M 12.973909210280132 19.88245645945721 0 5
E 17.257321902557802 22.028113528288863 0 0 2
M 18.33945293297462 7.215341653189161 0 34
E 8.616548090323738 4.47534189389644 2 58 2
E 18.055940116253655 2.4329689123681773 0 46 2
E 12.971802827406815 7.308955272645134 0 55 2
E 16.4428579746999 10.078398895266726 0 24 2
M 12.004708410777264 -0.3810342482364696 2 18
E 7.4515346821182336 13.503916427673587 0 59 2
M 4.686637856745248 8.902201887353627 0 6
E 0.6867379811885457 11.538917559342957 0 45 2
M 1.2753556105134138 18.186439520773668 3 24
E 7.175180880159942 18.692484359314395 3 13 2
E 8.114415640010794 9.113172680870239 0 46 2
