E 18.684780653965277 13.788764078752418 0 33 2
M 7.898356523256233 21.850314535157043 1 12
E 21.00560049931589 20.05857840824844 1 59 2
M 11.510873090218727 15.77899432598941 0 45
E 16.681224937932676 17.25502577268179 0 34 2
E 13.747973263416734 12.203537263892832 0 52 2
E 10.206724806594028 5.31642809556311 0 32 2
E 11.302281809439602 10.384442116798706 0 12 2
E 14.210373347718042 5.318427396580173 0 26 2
E 14.476133370273967 0.17163198713439484 2 55 2
M 22.581444361084984 10.62697018054831 2 16
M 15.517268541954717 10.534099166550456 0 27
E 0.5182661304101401 15.769789604617165 3 50 2
E 10.949744927143664 13.412020619308464 0 14 2
E 7.108494539440697 16.89480782568447 0 50 2
M 8.971858367826554 9.686906507460131 0 17
E 5.10840171434928 13.426546830738033 0 1 2
M 5.520199115658783 3.5227152842946454 3 40
