E 11.579928700634717 14.545384694795004 0 10 2
M 20.441658925283434 19.28306032406965 1 5
E 9.33743275118824 17.81360696519325 1 16 2
M 13.5386853816626 16.221397351652442 0 41
E 16.48145306668264 12.34079259728695 0 25 2
E 22.996819137561655 22.02159842308798 0 3 2
E 14.414403457779216 11.09110006925357 0 54 2
E 15.180549252139434 -2.534323945495262 0 46 2
E 10.054408513330861 7.948551499741683 0 41 2
E 18.36601494388139 11.3990473941588 2 51 2
M 14.086485795297127 1.047778758586081 2 56
M 14.886494655168065 8.556760695222215 0 12
E 8.296552304930369 6.787345640647945 3 57 2
E -2.1773683897010914 16.51272552240728 0 43 2
E 10.005667841586067 10.363515235951425 0 44 2
M 7.574819963169335 11.221841953125345 0 5
E 9.464138419986503 15.710655902971364 0 31 2
M 1.4718552794194373 15.669160917344268 3 14
