E 20.615025999292804 18.801092661371634 0 28 2
E 14.466669835978143 12.541591433745703 0 47 2
M 17.90823626450551 23.207464758290158 1 52
E 22.50038641663205 20.622510623420474 1 51 2
M 10.691388446594933 16.661359710290256 0 14
E 12.92003179928103 14.065476218334837 0 8 2
M 16.691161701991167 10.802610993789477 0 43
E 14.217120035967303 -1.4048566980666437 2 1 2
E 13.328738976350067 10.170490980365702 0 26 2
E 11.235697022106745 9.593005542421283 0 30 2
E 13.58240601859335 1.138622299663195 0 53 2
M 18.751831060445344 1.2795849242326724 2 6
E 10.29763314191511 13.86540302383301 0 59 2
M 8.6174498514139 8.536029295920265 0 5
E 9.751229224368902 11.764032801299459 0 28 2
M -0.6600673249508567 11.512950317477166 3 21
E -0.717506452599357 16.782346074646163 3 14 2
E 1.8025679821138454 16.06028503896517 0 43 2
