M 12.817405768988696 13.846458806340696 0 14
E 21.411278499619574 17.870206185158814 0 51 2
M 19.851828735235816 19.510131998717945 1 22
E 10.808182791399352 15.503014231983798 0 3 2
E 17.274193266596633 22.495729133734898 1 35 2
E 8.329709851543168 21.124408672055193 0 44 2
M 14.578050729046236 1.4450508497621726 2 41
E 12.378108431990288 0.9144906446597446 0 13 2
E 18.452471427756553 2.184550079791036 2 13 2
E 15.62960791901673 11.280636863323721 0 22 2
E 21.737114778739247 10.616360171795783 0 22 2
M 13.190377348838183 10.368876435685488 0 5
E 0.27333530564682035 11.31972078647406 3 26 2
E 2.210613068390136 17.215303170181436 0 50 2
M 9.992216882173121 11.784664757973818 0 52
M 1.5701205357179469 15.04481715151988 3 41
E 5.933175369717588 4.259231156149023 0 57 2
E 9.562209289583922 9.216348904692481 0 50 2
