E 11.612815988729054 19.253316585821114 0 41 2
M 23.179157181419235 15.28500996520105 1 10
E 6.792807097627696 22.34456973856003 1 2 2
M 21.399255591434255 20.79790903936276 0 23
E 17.93277702973402 17.347023834881035 0 33 2
E 15.38752159697862 12.350934111101662 0 58 2
E 18.47514843064757 8.708652896789243 0 42 2
E 10.610157056779238 8.890853185597251 0 12 2
E 13.664269960780853 4.188552459821035 0 5 2
E 23.562256635998885 11.337276466580425 2 32 2
M 9.255323490839526 0.6760609053911721 2 56
M 14.919584932555775 -0.5389486385263702 0 14
E 5.644936266373422 2.318153794859544 3 24 2
E 10.00232134624214 14.758212703301087 0 51 2
E 5.912035580623376 8.03803051738964 0 25 2
M -0.3188405239900277 15.741039599163605 0 9
E 4.402953009485122 14.464423705297929 0 13 2
M 3.565519327741233 20.038929129407776 3 44
