E 15.769653673757816 12.19062338577514 0 16 2
E 6.939649589992915 21.920224557394334 0 34 2
M 11.115557867318397 14.378844477205373 1 56
E 19.677395221870174 18.350181282359355 1 36 2
M 9.323465616850036 19.98481954233792 0 46
E 22.559266994229073 16.1214867678949 0 34 2
M 20.253323759874053 10.325536998741423 0 40
E 13.66072069822456 2.176090061787486 2 40 2
E 10.289678745243869 0.7946631537076214 0 27 2
E 23.12134168295328 11.42227972841997 0 8 2
E 10.280257857757766 8.640072462168822 0 38 2
M 14.502360815252967 11.576527116476868 2 10
E 5.939008727053812 2.657495714185693 0 59 2
M 6.423210623275912 5.689643458920656 0 32
E 3.151054260527057 19.083850078397475 0 60 2
M 10.382081317428636 10.04462840631776 3 36
E 2.6618840799052665 15.473728655853154 3 52 2
E 9.950088468484418 15.169304152056037 0 23 2
