E 17.308728674412475 21.031390264717135 0 25 2
M 14.119065787510939 22.61256070556255 1 7
E 22.423265999345126 14.979232827811169 0 37 2
E 20.41046118209503 16.475693539928187 1 8 2
E 11.994716848516557 13.525871129648039 0 35 2
M 9.140163028855726 19.596908595043026 0 1
E 11.6708337140842 2.4784801887987116 2 3 2
E 9.368458313000463 1.48357044025894 0 17 2
M 20.009034319107748 10.678237170171375 0 27
E 13.324084736918184 11.241639778572681 0 41 2
E 17.167049063530268 2.886810973801342 0 44 2
M 20.131214276466203 4.858554842943776 2 3
M 6.850802652036532 5.724854234785598 0 29
E 4.208275687654409 19.53719673192989 0 45 2
M 1.7497199360228586 8.528884451493672 3 32
E 3.91870510382077 17.045826271273096 3 49 2
E 1.5242222620572576 12.081798761481519 0 46 2
E 10.681198414565259 11.232489091779277 0 15 2
