E 9.391134372735854 17.042063387651837 0 35 2
M 19.1154421494903 21.73321600644659 1 34
E 16.240937869159968 15.12533797043992 1 12 2
M 12.27228194808789 18.715667040323716 0 16
E 14.864077948689546 13.51373511942403 0 33 2
E 22.94301728081624 20.2860560969721 0 37 2
E 17.67098779482999 11.738312214444857 0 0 2
E 13.704426436752655 -1.6199590077250214 0 53 2
E 11.878894093677108 8.762768178304015 0 34 2
E 12.586153143233087 6.764571084216064 2 21 2
M 16.871491247358918 0.9712383361595542 2 40
M 17.679797286234248 8.406363395802112 0 6
E 7.172908987606945 14.110090945344016 3 29 2
E -0.6474437175688955 17.33390291075292 0 18 2
E 8.937877832434157 7.2196243979033055 0 35 2
M 6.04792076567786 8.877969563874167 0 30
E 9.257027957633346 13.723496702271955 0 18 2
M 0.013066603150780055 13.295545657393854 3 39
