E 9.714424675786969 18.20941415456791 1 40 2
M 11.699184832936226 22.683480754746846 0 57
M 20.457307432210946 19.7898565970341 1 48
E 22.624503792186818 13.953041565105767 0 35 2
E 14.068675451503708 12.492995347201584 0 38 2
E 18.241342761868868 16.11575647703338 0 56 2
M 21.402573317984807 6.918773199147468 0 29
E 18.520298062581 10.87465921574739 2 49 2
E 12.443678283966817 4.536960375978744 0 6 2
E 8.379131713935108 1.82238903080923 0 30 2
M 14.51755998876386 0.7808286175733322 2 56
E 11.392608768872245 9.961976833211754 0 23 2
E 4.996364493878074 20.224569404085003 0 18 2
E 7.765277261632036 6.915926629684702 3 54 2
M 2.8982418490789725 6.397746046105685 0 19
E 10.538715779624043 13.545027819586664 0 45 2
E 5.3149789541643155 15.347283146987877 0 33 2
M 1.0251325790251955 15.429314785392563 3 48
