E 14.177784973465757 14.442423951306699 0 16 2
E 22.87882621454613 19.90213625700152 0 45 2
M 18.283350895413076 17.798694586502144 1 16
E 2.750787828765373 21.50574896413296 0 51 2
E 9.198982544606219 12.524732090491876 1 10 2
M 16.8930507039074 15.908661208243647 0 55
E 21.24921217123463 2.494251035867042 0 13 2
M 5.716649104586923 6.201305413497857 2 56
E 14.801017455393781 11.475267909508124 2 31 2
E 9.822215026534243 9.5575760486933 0 18 2
E 1.121173785453871 4.097863742998482 0 59 2
M 7.106949296092603 8.091338791756353 0 18
