E 19.071268143559017 12.624651607127005 0 40 2
M 13.438405602045794 22.835172718747067 1 19
E 17.04555074796654 17.685947552833667 1 24 2
M 21.066538707941852 15.099054105075751 0 49
E 10.657031063480693 20.658711371426694 0 58 2
E 22.423546348825152 19.141485219696325 0 38 2
E 9.005330088507256 5.563776347142759 0 36 2
E 12.972934446595536 -0.5977985454552716 0 19 2
E 20.17014847995237 8.833689529805747 0 51 2
E 14.40139965135665 4.787451099760568 2 8 2
M 20.664332027804164 5.336717848308963 2 23
M 10.150590228727125 2.598620101989538 0 34
E 4.553049600676812 13.526601347405762 3 60 2
E 0.6035192045793124 17.45631332575895 0 23 2
E 7.923401767933723 17.811572045730234 0 58 2
M 4.7828710633310205 18.30232579293471 0 6
E 5.1728204565669405 6.507599098767557 0 11 2
M 1.8972623701500446 7.82810943294397 3 24
