E 9.023271947951011 18.609878087119085 0 55 2
E 13.273778143306236 12.214085277096725 0 56 2
M 16.39601605548075 14.349732858947414 1 30
E 18.081438809489686 17.048036598548656 1 40 2
M 10.508881685137794 20.325267990417892 0 11
E 22.585397913625958 22.80509614581742 0 25 2
M 19.955452730446424 9.128712345509967 0 10
E 13.331008528831882 4.209301200147011 2 12 2
E 16.064788795798236 -2.569771575275581 0 25 2
E 11.548514216888876 10.789833130563059 0 43 2
E 19.212686365387718 11.272983069672648 0 33 2
M 11.836920320215123 7.0180719910357 2 24
E 11.177707639804884 12.996081592340214 0 12 2
M 5.535665584415786 6.546019664072135 0 38
E -2.650186709424191 15.764675429458157 0 38 2
M 7.767063624304124 14.632195150016884 3 1
E 4.587552661678431 14.74266220130433 3 4 2
E 7.764041686661277 6.117138843208263 0 30 2
