E 18.31158057225145 14.28902691274781 0 55 2
M 12.520019246862343 20.460714474225306 1 30
E 20.185375152415737 17.491797370825516 1 40 2
M 9.594344165374707 22.957752943261006 0 1
E 21.82338232652101 12.07389527502966 0 39 2
E 15.703242132888983 15.658612677564246 0 3 2
E 10.826565170260144 5.389497430024015 0 4 2
E 13.316830454933953 6.96359189777115 0 22 2
E 7.152304022134821 3.455753716630891 0 3 2
E 12.663348459363617 2.1653584930892906 2 60 2
M 19.06718404541465 7.319292884647706 2 1
M 22.69252033457038 8.60448259391726 0 22
E 3.15127638822064 16.34284413608519 3 26 2
E 6.979927412177065 13.377795424664601 0 32 2
E 6.861854257488405 16.321475657228174 0 29 2
M 3.7131355000549164 4.437764462821732 0 59
E 7.024313651344164 20.470351008339446 0 19 2
M 4.41279670772301 8.219992641126984 3 42
