E 8.184854190898966 22.318399352569536 0 19 2
M 10.950797950845661 16.389709343130257 1 44
E 12.974887332302917 19.10832703264567 1 60 2
M 23.137914189202256 20.624240794021294 0 9
E 20.642429217991054 12.115234938633535 0 23 2
E 17.23490448485105 14.498917067161264 0 11 2
E 22.843568870268637 10.14481351353847 0 18 2
E 11.546673419686632 6.2169811961532675 0 39 2
E 7.778581775264657 4.457819277494098 0 20 2
E 17.66854812252735 7.601559288075198 2 17 2
M 16.326200830957873 10.71378095670522 2 32
M 13.899854521375394 -1.9578370300309615 0 54
E 5.356564545169735 9.290113679279129 3 48 2
E 7.218422095462314 15.284101736685466 0 22 2
E 4.971576938832399 3.536787133891997 0 54 2
M -1.037768710577653 17.33359623600966 0 26
E 7.578989006744287 19.426945783872362 0 49 2
M 8.723001218196467 8.896509700164524 3 31
