E 21.275758962846698 20.133650059760598 0 4 2
E 12.147906435401591 15.157237454088838 0 32 2
M 15.586933083820725 21.99953361818615 1 9
E 9.517159672018622 17.12141526657948 1 53 2
M 17.15303128319926 12.662757563529237 0 58
E 18.57661511786052 18.587124499617637 0 7 2
M 9.997449244966967 7.205965220488897 0 23
E 17.67669588817797 11.589495164282622 2 53 2
E 14.416309595629475 3.0109219872111788 0 42 2
E 14.660294623319846 10.293290542514603 0 34 2
E 14.40606809582215 -0.09986793108673382 0 44 2
M 18.866383597435366 3.893858018643324 2 23
E 9.191798941278567 10.549472003396557 0 28 2
M 8.84951947183377 16.131277215981864 0 37
E 3.007075286510003 14.401953513171179 0 10 2
M 1.54668331874391 10.106608363170526 3 14
E 8.80614443980341 7.289089569137898 3 51 2
E 0.318172941331153 15.966217871326132 0 22 2
