E 3.768001810375741 15.57045728843354 0 27 2
M 18.803548329234964 21.05363836758233 1 24
E 13.785826218970666 13.89972276292473 1 15 2
M 22.82310784414903 17.13876628136236 0 32
E 10.30936017175711 18.818137231521682 0 2 2
E 21.394562777419498 22.499589364534298 0 47 2
E 20.23199818962426 8.42954271156646 0 2 2
E 2.605437222580501 1.5004106354657012 0 48 2
E 13.69063982824289 5.181862768478315 0 10 2
E 10.214173781029334 10.10027723707527 2 38 2
M 5.196451670765039 2.9463616324176733 2 28
M 1.1768921558509688 6.861233718637638 0 57
