E 19.610756959585736 19.751734271647287 0 53 2
E 15.181882700292192 22.63109623937516 0 51 2
M 13.682490519978307 15.687120208890889 1 43
E 23.003465251593457 21.267381917965558 1 32 2
M 17.99856860502485 17.67379411223607 0 22
E 16.574844226622314 12.993098302291909 0 8 2
M 17.67379411223607 6.0014313949751505 0 40
E 21.26738191796556 0.9965347484065454 2 3 2
E 12.993098302291909 7.425155773377685 0 10 2
E 22.63109623937516 8.818117299707808 0 57 2
E 19.751734271647287 4.389243040414261 0 55 2
M 15.687120208890889 10.317509480021693 2 51
E 8.818117299707808 1.3689037606248404 0 46 2
M 6.0014313949751505 6.32620588776393 0 2
E 7.425155773377685 11.006901697708091 0 0 2
M 10.317509480021693 8.31287979110911 3 7
E 0.9965347484065454 2.732618082034441 3 15 2
E 4.389243040414261 4.248265728352716 0 7 2
E 11.006901697708091 16.574844226622314 0 49 2
M 6.326205887763929 17.99856860502485 0 19
E 2.732618082034439 23.00346525159345 4 15 2
E 4.248265728352715 19.610756959585736 0 58 2
M 8.31287979110911 13.682490519978305 4 15
E 1.3689037606248404 15.181882700292189 0 42 2
