E 20.996664070316456 23.23135494199795 0 45 2
E 18.13743219176913 12.630131906488595 0 52 2
M 16.60147791442144 17.23316015184741 1 26
E 19.644742400677366 21.211170144316934 1 22 2
M 12.223430788500044 18.687362604191 0 23
E 22.603412155576752 14.053523251223158 0 53 2
M 18.687362604191 11.776569211499956 0 54
E 21.211170144316934 4.355257599322634 2 46 2
E 14.053523251223158 1.3965878444232473 0 6 2
E 12.630131906488595 5.862567808230868 0 30 2
E 23.23135494199795 3.003335929683544 0 36 2
M 17.23316015184741 7.398522085578563 2 50
E 5.862567808230868 11.369868093511405 0 27 2
M 11.776569211499956 5.312637395808997 0 55
E 1.3965878444232473 9.946476748776842 0 42 2
M 7.398522085578561 6.766839848152588 3 53
E 4.355257599322632 2.7888298556830646 3 32 2
E 3.003335929683543 0.768645058002052 0 42 2
E 9.94647674877684 22.603412155576752 0 32 2
M 5.312637395808997 12.223430788500044 0 50
E 2.7888298556830637 19.644742400677366 4 24 2
E 0.7686450580020499 20.996664070316452 0 4 2
M 6.766839848152588 16.601477914421437 4 59
E 11.369868093511405 18.13743219176913 0 35 2
