E 9.0787964830504 17.63696911772832 0 52 2
E 22.550101374427772 14.420511032172987 0 14 2
M 14.51611525040399 16.06622470028081 1 58
E 20.71911853965982 19.929722494033218 1 27 2
M 16.72515408138372 12.356482505928643 0 42
E 12.923936531835333 21.743752650682147 0 39 2
M 9.946145865447082 7.729655275761649 0 15
E 14.507781854963753 0.4841605990301119 2 9 2
E 19.976369057765034 6.327971166605041 0 22 2
E 8.821173356788417 1.6530886811579364 0 10 2
E 18.34236021477588 11.71135189643864 0 19 2
M 14.263396262736952 7.787867924160295 2 26
E 4.6287252687838105 19.926400286669075 0 31 2
M 9.328700053169195 15.913862218309703 0 39
E 3.0996944103996347 7.928276182712811 0 33 2
M 7.220488486859057 12.145907375558892 3 36
E 0.7730996053764251 15.58611690693667 3 56 2
E 8.578843302173723 6.651678985833037 0 47 2
