E 18.886714646992743 12.182220693600467 0 34 2
E 20.686945834811574 16.00064804126883 0 14 2
M 16.25678341325844 21.763403179809835 1 22
E 14.425458441007128 14.484655568968046 1 20 2
M 22.70096052468624 18.211431813111773 0 42
E 12.188899434718294 19.882955902712645 0 18 2
M 12.028777481686513 -0.37301956582862417 0 53
E 12.939045621877238 8.657163589780401 2 26 2
E 18.73239035130249 7.894930339417115 0 12 2
E 11.121189917933478 2.4765602051193474 0 36 2
E 8.714450426256855 5.944819820289666 0 38 2
M 18.326963474475868 3.431815835805046 2 12
E 4.19186424725495 17.52279175361182 0 16 2
M 1.2702619936272455 18.161587752716848 0 35
E 5.078710213979212 8.222113757870238 0 39 2
M 1.4162531122656978 10.804780984385118 3 58
E 8.635495937115627 12.858180841251553 3 18 2
E 8.3988349267504 17.872959486109863 0 42 2
