E 8.352696996376832 19.393701282346356 0 17 2
E 22.683080548638355 15.084635612601408 0 10 2
M 20.52697033043292 13.320561153108855 1 47
E 15.004524283565782 16.613846503055676 1 21 2
M 18.06017731287661 22.67205662406132 0 55
E 16.649826931019827 20.76842068331728 0 9 2
M 18.212183490624795 1.4157041835800812 0 10
E 14.49344613902532 7.091082392616957 2 11 2
E 17.26876159731176 3.5889214128771547 0 8 2
E 9.329832527611819 1.2058630479030825 0 6 2
E 20.226784640317106 11.461806415263773 0 57 2
M 8.880154340626683 3.9551464999744725 2 22
E 3.9870869237498234 19.70950133949551 0 29 2
M -0.2723608035014031 11.912239192358594 0 21
E 2.0814114716684116 11.64265790380556 0 52 2
M 6.592875328940394 18.72429234691667 3 17
E 6.502029577408898 12.295071104327368 3 57 2
E 7.420518363306063 5.144492302389871 0 12 2
