E 9.787953754129706 21.13401505574844 1 24 2
M 15.49395443958702 19.10248649213467 0 45
M 22.00289216874511 13.764927608025314 1 24
E 13.90932047651927 17.075788668999373 0 58 2
E 5.694904977993769 23.142677666976084 0 27 2
E 18.769824791132983 15.599686707532745 0 13 2
M 16.40395651243094 5.422903449584886 0 24
E 21.01631219976283 9.348680715395457 2 18 2
E 11.732507738822033 4.337316397942782 0 12 2
E 15.441101693335025 7.808585628868815 0 56 2
M 8.527026060017876 2.4547774665376623 2 43
E 24.802389436785926 11.88903362884416 0 1 2
E 6.649577830145705 11.115625702131812 0 33 2
E 5.195734046107468 5.517304228856103 3 54 2
M 4.102089047982039 11.474610058280442 0 55
E 5.502705585220308 0.9682887041797521 0 6 2
E 5.497667470044983 16.062996894524467 0 49 2
M 5.470081771237016 19.780294925437023 3 46
