E 14.5875025821698 17.365463779223454 0 57 2
E 19.090432654452528 19.521302606440806 0 33 2
M 22.294395271729865 15.375242231334662 1 22
E 12.596339125597398 21.062211704645737 0 15 2
E 20.46552086615415 12.111193420561085 1 56 2
M 16.621340488752896 22.426352148318024 0 21
E 21.062211704645737 11.403660874402602 0 32 2
M 15.375242231334664 1.7056047282701357 2 40
E 12.111193420561085 3.534479133845849 2 12 2
E 17.365463779223454 9.412497417830204 0 26 2
E 19.521302606440806 4.909567345547473 0 6 2
M 22.426352148318024 7.378659511247103 0 46
E 9.412497417830204 6.634536220776546 0 45 2
M 7.378659511247102 1.5736478516819794 0 12
E 11.403660874402602 2.937788295354264 0 45 2
E 3.534479133845849 11.888806579438915 3 34 2
E 4.909567345547473 4.478697393559193 0 49 2
M 1.7056047282701357 8.624757768665338 3 41
E 11.888806579438912 20.46552086615415 4 40 2
E 2.937788295354264 12.596339125597398 0 21 2
M 8.624757768665336 22.294395271729865 4 18
E 4.478697393559193 19.090432654452524 0 13 2
E 6.634536220776546 14.587502582169796 0 8 2
M 1.5736478516819794 16.621340488752896 0 55
