E 22.838948031324954 12.159663590559271 0 59 2
E 17.93055981868182 21.157609058031586 0 26 2
M 15.863256222824225 22.788193419023674 1 10
E 12.37735610581841 19.169281325014254 1 28 2
M 19.77803589617538 17.46346411199388 0 16
E 21.25148294920515 15.792016983785524 0 20 2
M 12.842480765563598 2.5322912663679187 0 23
E 18.020101701430498 8.088559363580963 2 20 2
E 10.658241564937736 2.091972251416994 0 9 2
E 16.96544217284093 2.285180009342519 0 25 2
E 6.718798709821293 2.533363859293628 0 37 2
M 19.411221450402493 3.2602252601940678 2 51
E 1.1039980084772516 12.557210932625889 0 51 2
M 3.379483338261019 16.0042446216382 0 24
E 4.090275485857111 18.116010764797476 0 58 2
M 0.7255223267732844 9.951581320782253 3 33
E 5.602542192751092 8.74215931140478 3 31 2
E 6.4422532588537536 21.3069725501471 0 43 2
