E 19.85826102686399 20.2222022950549 0 29 2
E 17.752672469034092 14.74744513180573 0 43 2
M 22.448585528571307 13.216886899272492 1 37
E 13.977853374557975 22.076489400356202 1 40 2
M 15.76101729930387 18.170482965302774 0 23
E 12.562271945773395 16.34336925187813 0 43 2
M 18.170482965302774 8.23898270069613 0 26
E 22.076489400356202 10.022146625442023 2 50 2
E 16.34336925187813 11.437728054226605 0 53 2
E 14.74744513180573 6.247327530965906 0 42 2
E 20.2222022950549 4.141738973136009 0 17 2
M 13.216886899272492 1.5514144714286942 2 46
E 6.247327530965906 9.25255486819427 0 47 2
M 8.23898270069613 5.829517034697224 0 29
E 11.437728054226605 7.656630748121872 0 12 2
M 1.5514144714286942 10.783113100727507 3 57
E 10.022146625442023 1.923510599643798 3 29 2
E 4.141738973136009 3.7777977049450984 0 35 2
E 7.656630748121872 12.562271945773393 0 1 2
M 5.829517034697223 15.761017299303868 0 42
E 1.923510599643798 13.977853374557975 4 57 2
E 3.7777977049450975 19.85826102686399 0 35 2
M 10.783113100727507 22.448585528571307 4 19
E 9.25255486819427 17.752672469034092 0 47 2
