E 20.618022558950305 20.99135756438389 0 29 2
E 22.503068474416057 13.63267622603467 0 27 2
M 13.300045608245634 17.714741148372433 1 38
E 16.434359928542754 15.061579745314688 1 28 2
M 18.14743918817927 22.990069886043393 0 4
E 14.773926025936055 19.275896947449322 0 35 2
M 22.990069886043393 5.852560811820732 0 49
E 15.061579745314688 7.565640071457248 2 40 2
E 19.275896947449322 9.226073974063945 0 39 2
E 13.63267622603467 1.4969315255839433 0 25 2
E 20.99135756438389 3.381977441049699 0 46 2
M 17.714741148372433 10.699954391754366 2 22
E 1.4969315255839433 10.36732377396533 0 0 2
M 5.852560811820731 1.0099301139566053 0 6
E 9.226073974063945 4.724103052550675 0 32 2
M 10.699954391754366 6.285258851627568 3 3
E 7.565640071457248 8.938420254685312 3 22 2
E 3.3819774410496977 3.0086424356161077 0 13 2
E 4.724103052550675 14.773926025936055 0 43 2
M 1.009930113956603 18.147439188179266 0 18
E 8.93842025468531 16.43435992854275 4 8 2
E 3.008642435616107 20.618022558950297 0 20 2
M 6.285258851627568 13.30004560824563 4 12
E 10.367323773965328 22.503068474416057 0 44 2
