E 18.118377423483388 13.740053105120356 0 29 2
E 19.66872876837 22.866432746537807 0 44 2
M 22.250797325087113 20.938043034053226 1 35
E 12.408682802301067 17.184863973472844 0 55 2
E 16.395338615113484 15.780834455170503 1 30 2
M 14.319184090157643 18.97782645649418 0 6
E 17.184863973472844 11.591317197698933 0 34 2
M 20.938043034053226 1.7492026749128882 2 46
E 15.780834455170503 7.604661384886515 2 7 2
E 13.740053105120356 5.8816225765166115 0 54 2
E 22.866432746537807 4.331271231630001 0 29 2
M 18.97782645649418 9.680815909842357 0 41
E 5.8816225765166115 10.259946894879644 0 32 2
M 9.680815909842357 5.0221735435058195 0 18
E 11.591317197698933 6.815136026527156 0 8 2
E 7.604661384886515 8.219165544829497 3 33 2
E 4.33127123163 1.1335672534621921 0 23 2
M 1.7492026749128882 3.061956965946776 3 50
E 8.219165544829497 16.395338615113484 4 51 2
E 6.815136026527156 12.408682802301067 0 27 2
M 3.0619569659467736 22.250797325087113 4 37
E 1.13356725346219 19.66872876837 0 12 2
E 10.259946894879642 18.118377423483388 0 23 2
M 5.0221735435058195 14.31918409015764 0 52
