E 20.67856135011413 12.49491191647532 1 29 2
M 22.14638684649772 20.062516462932095 0 29
M 18.45679014047072 16.21415923805918 1 35
E 13.374703095738898 17.828221672912786 0 38 2
E 16.225064449984494 13.878901448945706 0 5 2
E 14.756964216835446 22.88175381284455 0 31 2
M 20.062516462932095 1.8536131535022826 0 20
E 12.49491191647532 3.321438649885869 2 14 2
E 22.88175381284455 9.243035783164554 0 27 2
E 17.828221672912786 10.625296904261102 0 3 2
M 16.21415923805918 5.543209859529281 2 28
E 13.878901448945706 7.774935550015509 0 42 2
E 10.625296904261102 6.171778327087214 0 55 2
E 3.321438649885869 11.50508808352468 3 27 2
M 1.8536131535022826 3.9374835370679073 0 59
E 7.774935550015509 10.121098551054294 0 9 2
E 9.243035783164554 1.1182461871554508 0 28 2
M 5.543209859529281 7.785840761940818 3 24
E 1.1182461871554508 14.756964216835446 0 44 2
M 7.7858407619408165 18.45679014047072 4 20
E 11.505088083524678 20.67856135011413 4 22 2
M 3.937483537067905 22.146386846497716 0 34
E 10.121098551054294 16.22506444998449 0 33 2
E 6.171778327087214 13.374703095738898 0 25 2
