E 23.242627664838295 19.26638240278902 0 29 2
E 15.796595796688521 20.865443162210227 0 39 2
M 19.884420010786023 15.433741860389238 1 26
E 13.625908632517291 22.97786696565786 1 39 2
M 21.237898235564536 13.083488958602937 0 16
E 17.389471792550363 17.912253988731933 0 3 2
M 13.083488958602937 2.7621017644354664 0 26
E 22.97786696565786 10.37409136748271 2 56 2
E 17.912253988731933 6.610528207449635 0 9 2
E 20.865443162210227 8.203404203311479 0 28 2
E 19.26638240278902 0.7573723351617062 0 38 2
M 15.433741860389238 4.115579989213977 2 51
E 8.203404203311479 3.134556837789772 0 46 2
M 2.7621017644354664 10.916511041397062 0 39
E 6.610528207449635 6.087746011268065 0 47 2
M 4.115579989213977 8.566258139610763 3 23
E 10.374091367482709 1.0221330343421429 3 48 2
E 0.7573723351617062 4.73361759721098 0 30 2
E 6.087746011268065 17.389471792550363 0 20 2
M 10.916511041397062 21.237898235564536 0 45
E 1.0221330343421429 13.625908632517286 4 9 2
E 4.733617597210978 23.242627664838288 0 15 2
M 8.566258139610762 19.884420010786023 4 42
E 3.134556837789771 15.796595796688518 0 52 2
