M 12.86968611459957 19.65914914251668 0 24
E 18.146297434280882 14.927700963797344 0 55 2
M 21.595942837500708 16.71644035968285 1 12
E 19.998401755106126 13.17167976319065 0 21 2
E 15.88068753444674 22.76800673776905 1 35 2
E 14.283877356172733 21.076364672561823 0 58 2
M 16.71644035968285 2.4040571624992935 2 50
E 14.927700963797344 5.853702565719116 0 0 2
E 22.76800673776905 8.11931246555326 2 10 2
E 13.171679763190653 4.001598244893875 0 44 2
E 21.076364672561823 9.716122643827267 0 28 2
M 19.65914914251668 11.13031388540043 0 35
E 8.11931246555326 1.2319932622309508 3 40 2
E 5.853702565719116 9.072299036202656 0 58 2
M 11.13031388540043 4.340850857483323 0 41
M 2.4040571624992935 7.2835596403171525 3 20
E 9.716122643827267 2.9236353274381797 0 23 2
E 4.001598244893875 10.82832023680935 0 0 2
E 10.828320236809347 19.998401755106126 0 51 2
E 9.072299036202654 18.146297434280882 0 49 2
M 7.283559640317151 21.595942837500708 4 37
E 2.9236353274381797 14.283877356172733 0 41 2
E 1.2319932622309508 15.880687534446736 4 4 2
M 4.340850857483323 12.869686114599569 0 3
