E 7.195500873388887 12.580645815283457 0 38 2
E 1.6811891052924082 17.340757116848845 0 30 2
M 9.479147730743584 15.683043906064757 1 5
E 22.01928580653492 18.861185171839097 0 32 2
E 14.073012536682294 20.387957635184442 1 49 2
M 5.492612022906346 21.804588213356126 0 4
E 1.9807141934650787 5.138814828160903 0 7 2
M 14.520852269256414 8.316956093935245 2 11
E 9.926987463317706 3.6120423648155593 2 11 2
E 16.804499126611113 11.419354184716543 0 25 2
E 22.318810894707592 6.659242883151154 0 45 2
M 18.507387977093654 2.195411786643876 0 36
