E 14.054135061323427 20.393362249511682 0 25 2
E 20.515573765728487 18.950879070894725 0 18 2
M 12.25724317478394 13.949320217989376 1 43
E 18.72504804426666 17.35805447288617 1 49 2
M 16.218675907985812 22.091002668294756 0 39
E 23.163350798600334 12.501483900723283 0 59 2
M 22.091002668294756 7.781324092014191 0 2
E 17.35805447288617 5.274951955733341 2 28 2
E 12.501483900723283 0.8366492013996641 0 31 2
E 18.950879070894725 3.4844262342715155 0 45 2
E 20.393362249511682 9.945864938676573 0 5 2
M 13.949320217989376 11.74275682521606 2 9
E 3.4844262342715155 5.049120929105273 0 12 2
M 7.78132409201419 1.9089973317052469 0 40
E 0.8366492013996641 11.498516099276717 0 58 2
M 11.74275682521606 10.050679782010624 3 13
E 5.274951955733341 6.641945527113831 3 48 2
E 9.945864938676573 3.606637750488318 0 60 2
E 11.498516099276715 23.163350798600334 0 21 2
M 1.9089973317052469 16.21867590798581 0 4
E 6.641945527113829 18.725048044266657 4 43 2
E 3.606637750488318 14.054135061323427 0 42 2
M 10.050679782010624 12.25724317478394 4 5
E 5.049120929105272 20.515573765728483 0 15 2
