E 12.373815718330231 12.608576890304027 0 34 2
M 13.743845092114626 16.675847958730078 1 6
E 20.122734076419334 22.79953971469629 0 19 2
E 22.563469770593958 15.138170988342381 1 37 2
E 15.143731124217812 21.147652259946348 0 25 2
M 18.53773174847595 18.600868669418837 0 20
E 15.138170988342381 1.4365302294060442 2 55 2
E 22.79953971469629 3.8772659235806683 0 48 2
M 18.600868669418837 5.4622682515240495 0 38
E 21.147652259946348 8.856268875782192 0 7 2
E 12.608576890304027 11.626184281669769 0 31 2
M 16.675847958730078 10.256154907885374 2 58
M 5.4622682515240495 5.399131330581163 0 4
E 3.877265923580668 1.2004602853037085 0 32 2
M 10.256154907885374 7.324152041269923 3 53
E 1.4365302294060442 8.861829011657617 3 42 2
E 11.626184281669769 11.391423109695973 0 11 2
E 8.85626887578219 2.8523477400536494 0 5 2
E 2.8523477400536486 15.143731124217808 0 9 2
E 1.2004602853037063 20.122734076419327 0 45 2
E 8.861829011657615 22.563469770593958 4 39 2
M 5.399131330581161 18.53773174847595 0 12
E 11.391423109695973 12.373815718330231 0 58 2
M 7.324152041269923 13.743845092114622 4 39
