E 13.26480034480229 12.012467547172793 0 3 2
M 20.109574504532684 22.868222664228906 1 38
E 15.291466110621219 16.90910506108893 0 54 2
E 23.092911139079803 21.054807769353154 1 54 2
E 18.112639474968923 13.91924765079693 0 56 2
M 16.71189894234927 18.946332262193188 0 41
E 21.054807769353157 0.9070888609201987 2 46 2
E 16.90910506108893 8.708533889378783 0 47 2
M 18.946332262193188 7.288101057650731 0 50
E 13.919247650796933 5.887360525031079 0 40 2
E 12.012467547172793 10.73519965519771 0 36 2
M 22.868222664228906 3.8904254954673165 2 2
M 7.28810105765073 5.053667737806812 0 58
E 8.708533889378781 7.0908949389110685 0 42 2
M 3.8904254954673148 1.1317773357710954 3 8
E 0.9070888609201987 2.9451922306468425 3 9 2
E 10.73519965519771 11.987532452827207 0 8 2
E 5.887360525031079 10.08075234920307 0 34 2
E 10.080752349203067 18.112639474968923 0 31 2
E 7.0908949389110685 15.291466110621219 0 43 2
E 2.9451922306468403 23.092911139079796 4 36 2
M 5.05366773780681 16.71189894234927 0 14
E 11.987532452827207 13.26480034480229 0 16 2
M 1.1317773357710934 20.109574504532684 4 31
