E 16.20012267173244 22.959953628757425 0 17 2
E 14.631288199820585 12.973575966925353 0 40 2
M 22.848644282426534 21.295011913648782 1 20
E 17.880223556364562 15.083944817734382 1 25 2
M 19.848877973947104 17.172633481039547 0 47
E 12.59513063880516 19.158531432534616 0 58 2
M 17.172633481039547 4.151122026052899 0 9
E 15.083944817734382 6.119776443635437 2 28 2
E 19.158531432534616 11.40486936119484 0 23 2
E 12.973575966925353 9.368711800179415 0 14 2
E 22.959953628757425 7.799877328267558 0 38 2
M 21.295011913648786 1.1513557175734683 2 49
E 9.368711800179415 11.026424033074647 0 44 2
M 4.151122026052899 6.827366518960455 0 33
E 11.40486936119484 4.841468567465384 0 49 2
M 1.1513557175734683 2.7049880863512166 3 59
E 6.119776443635437 8.916055182265618 3 8 2
E 7.7998773282675575 1.0400463712425734 0 56 2
E 4.841468567465384 12.595130638805156 0 46 2
M 6.827366518960453 19.8488779739471 0 52
E 8.916055182265614 17.880223556364562 4 22 2
E 1.0400463712425734 16.20012267173244 0 21 2
M 2.7049880863512143 22.848644282426527 4 7
E 11.026424033074647 14.631288199820585 0 43 2
