E 19.89570631766777 22.850515545955425 0 30 2
E 12.861266218250794 15.785488388846375 0 18 2
M 22.369582165164033 21.34275202534991 1 16
E 18.545683567744682 14.289413045530418 0 7 2
E 17.195548276166438 17.175484595028525 1 46 2
M 15.407910958813554 19.51432473824829 0 47
M 19.51432473824829 8.592089041186446 0 8
M 21.34275202534991 1.6304178348359692 2 24
E 15.785488388846375 11.138733781749206 0 57 2
E 14.289413045530418 5.454316432255316 0 44 2
E 22.850515545955425 4.104293682332229 0 23 2
E 17.175484595028525 6.804451723833564 2 3 2
E 6.804451723833564 6.824515404971476 3 40 2
M 1.6304178348359692 2.6572479746500894 3 4
E 5.454316432255316 9.710586954469582 0 14 2
M 8.592089041186446 4.4856752617517115 0 52
E 4.104293682332228 1.1494844540445748 0 42 2
E 11.138733781749206 8.214511611153625 0 55 2
E 9.71058695446958 18.545683567744682 0 40 2
M 2.657247974650087 22.36958216516403 4 24
E 8.214511611153625 12.861266218250794 0 9 2
E 1.1494844540445726 19.895706317667766 0 50 2
M 4.485675261751711 15.40791095881355 0 50
E 6.824515404971476 17.195548276166438 4 45 2
