E 14.164616121403707 19.473531922517548 0 15 2
E 20.39518654024527 20.934591732297342 0 46 2
M 22.799792079013258 17.974849763622018 1 58
E 16.05275174593714 22.96227071340266 1 46 2
M 18.90433837040045 14.749837891899698 0 3
E 12.500118568655592 12.887579969950426 0 27 2
M 14.749837891899702 5.095661629599549 0 57
E 22.96227071340266 7.947248254062859 2 45 2
E 12.887579969950426 11.499881431344408 0 17 2
E 20.934591732297342 3.6048134597547317 0 0 2
E 19.473531922517548 9.835383878596293 0 13 2
M 17.974849763622018 1.2002079209867405 2 46
E 3.604813459754731 3.065408267702658 0 27 2
M 5.095661629599549 9.2501621081003 0 53
E 11.499881431344408 11.112420030049574 0 45 2
M 1.2002079209867405 6.025150236377984 3 36
E 7.947248254062859 1.0377292865973424 3 52 2
E 9.835383878596293 4.526468077482453 0 4 2
E 11.112420030049574 12.500118568655592 0 8 2
M 9.250162108100298 18.90433837040045 0 51
E 1.0377292865973424 16.052751745937137 4 60 2
E 4.526468077482453 14.164616121403707 0 29 2
M 6.02515023637798 22.799792079013255 4 30
E 3.065408267702657 20.395186540245266 0 36 2
