E 20.812613064872018 16.064493747866077 0 33 2
E 12.152605984804163 20.459926725628808 0 1 2
M 23.049566431371222 18.453737734630607 1 14
E 16.354002282087496 14.305506707413176 1 56 2
M 13.837394317924009 12.779471020604527 0 14
E 19.21126636923872 22.55212327015114 0 51 2
M 12.779471020604527 10.162605682075993 0 20
E 14.305506707413176 7.645997717912505 2 2 2
E 22.55212327015114 4.788733630761278 0 49 2
E 20.459926725628808 11.847394015195837 0 6 2
E 16.064493747866077 3.1873869351279813 0 55 2
M 18.453737734630607 0.950433568628781 2 28
E 11.847394015195837 3.540073274371193 0 7 2
M 10.162605682075993 11.220528979395473 0 51
E 4.788733630761277 1.447876729848862 0 25 2
M 0.950433568628781 5.546262265369391 3 25
E 7.645997717912505 9.694493292586824 3 43 2
E 3.1873869351279813 7.935506252133924 0 49 2
E 1.44787672984886 19.21126636923872 0 53 2
M 11.220528979395471 13.837394317924009 0 57
E 9.694493292586824 16.354002282087496 4 58 2
E 7.935506252133922 20.812613064872018 0 55 2
M 5.546262265369389 23.049566431371215 4 37
E 3.540073274371193 12.152605984804163 0 1 2
