E 23.23758828460604 14.9677963113896 0 40 2
E 12.636909019247792 13.534459476126358 0 10 2
M 17.105236966526853 17.31284046025944 1 38
E 20.964316160977333 18.932776876502405 1 43 2
M 18.90105184653247 23.050491720346486 0 48
E 14.488389562897348 21.441220972824517 0 49 2
M 23.050491720346486 5.09894815346753 0 14
E 18.93277687650241 3.035683839022665 2 4 2
E 21.441220972824517 9.511610437102652 0 46 2
E 13.534459476126358 11.363090980752208 0 36 2
E 14.9677963113896 0.7624117153939608 0 56 2
M 17.31284046025944 6.894763033473147 2 27
E 11.363090980752208 10.465540523873642 0 51 2
M 5.09894815346753 0.9495082796535129 0 21
E 9.511610437102652 2.5587790271754853 0 38 2
M 6.894763033473147 6.68715953974056 3 10
E 3.035683839022665 5.067223123497596 3 31 2
E 0.7624117153939608 9.032203688610402 0 4 2
E 2.5587790271754853 14.488389562897344 0 34 2
M 0.9495082796535108 18.901051846532468 0 15
E 5.067223123497594 20.964316160977333 4 30 2
E 9.0322036886104 23.23758828460604 0 33 2
M 6.68715953974056 17.105236966526853 4 59
E 10.465540523873642 12.636909019247792 0 59 2
