E 18.38267461123853 19.0531987721027 0 54 2
E 15.255719077038227 23.099109627720104 0 45 2
M 13.850322538574398 17.009508020814142 1 32
E 16.80490682600219 21.465121602277105 1 9 2
M 20.66598632325958 12.11157340636939 0 52
E 22.667309829455977 15.08473164497505 0 14 2
M 12.11157340636939 3.3340136767404154 0 55
E 21.465121602277105 7.195093173997812 2 52 2
E 15.08473164497505 1.3326901705440235 0 10 2
E 23.099109627720104 8.744280922961773 0 28 2
E 19.0531987721027 5.61732538876147 0 30 2
M 17.009508020814142 10.149677461425602 2 41
E 8.744280922961773 0.9008903722798962 0 23 2
M 3.3340136767404154 11.88842659363061 0 35
E 1.3326901705440235 8.91526835502495 0 40 2
M 10.149677461425602 6.99049197918586 3 39
E 7.19509317399781 2.5348783977228933 3 39 2
E 5.61732538876147 4.9468012278973 0 28 2
E 8.915268355024947 22.667309829455977 0 21 2
M 11.88842659363061 20.66598632325958 0 54
E 2.5348783977228924 16.80490682600219 4 52 2
E 4.946801227897299 18.382674611238528 0 14 2
M 6.99049197918586 13.850322538574394 4 25
E 0.9008903722798962 15.255719077038226 0 34 2
