E 16.153210690003 22.46656794274608 0 59 2
E 20.979178993697253 19.619657829048528 0 14 2
M 22.414306029612185 12.480784715654481 1 44
E 12.535833029471428 21.044971752657208 0 23 2
E 18.985934734519127 17.110055221099266 1 24 2
M 17.570219822652923 15.356041575612304 0 49
E 21.044971752657208 11.464166970528572 0 42 2
M 12.480784715654481 1.5856939703878126 2 29
E 17.110055221099266 5.014065265480874 2 36 2
E 22.46656794274608 7.846789309996998 0 38 2
E 19.619657829048528 3.0208210063027474 0 30 2
M 15.356041575612306 6.429780177347078 0 25
E 7.846789309996997 1.5334320572539184 0 46 2
M 6.429780177347078 8.643958424387694 0 38
E 11.464166970528572 2.955028247342793 0 34 2
E 5.014065265480874 6.889944778900736 3 5 2
E 3.0208210063027474 4.380342170951474 0 23 2
M 1.5856939703878126 11.519215284345519 3 57
E 6.889944778900734 18.985934734519123 4 25 2
E 2.955028247342793 12.535833029471425 0 34 2
M 11.519215284345517 22.414306029612185 4 9
E 4.380342170951472 20.979178993697253 0 43 2
E 1.5334320572539184 16.153210690003 0 41 2
M 8.643958424387694 17.570219822652923 0 15
