E 16.404231524946468 12.287422545412507 0 60 2
E 21.558570815918536 16.44665994380032 0 56 2
M 19.915979164120714 13.699767081418795 1 58
E 12.329294240641952 20.586590072749765 1 21 2
M 17.943618831681608 15.079275945985234 0 15
E 14.359677881547038 22.4113427926874 0 20 2
M 15.079275945985234 6.05638116831839 0 33
E 20.586590072749765 11.670705759358048 2 54 2
E 22.4113427926874 9.640322118452962 0 28 2
E 16.44665994380032 2.4414291840814677 0 35 2
E 12.287422545412511 7.595768475053532 0 40 2
M 13.699767081418798 4.084020835879288 2 30
E 2.4414291840814677 7.553340056199682 0 29 2
M 6.05638116831839 8.920724054014766 0 56
E 9.640322118452962 1.5886572073126017 0 60 2
M 4.084020835879288 10.300232918581205 3 33
E 11.670705759358048 3.4134099272502367 3 49 2
E 7.595768475053532 11.712577454587493 0 30 2
E 1.5886572073126017 14.359677881547038 0 28 2
M 8.920724054014766 17.943618831681608 0 29
E 3.4134099272502367 12.32929424064195 4 7 2
E 11.712577454587489 16.404231524946468 0 54 2
M 10.300232918581202 19.915979164120714 4 42
E 7.55334005619968 21.55857081591853 0 56 2
