E 2.1816864733177455 21.149317413322123 0 58 2
M 13.410791395566912 17.513780994594725 1 29
E 19.942228873611718 19.173100226949735 0 49 2
E 5.806839096320688 22.69060185905625 1 49 2
E 16.492172932680592 14.672315511667472 0 22 2
M 15.097164409817628 12.536549948373144 0 44
E 18.193160903679313 1.3093981409437454 2 33 2
E 4.057771126388282 4.826899773050263 0 36 2
M 8.902835590182374 11.463450051626856 0 41
E 7.5078270673194085 9.327684488332526 0 42 2
E 21.818313526682253 2.8506825866778747 0 47 2
M 10.589208604433088 6.486219005405273 2 45
