E 13.960888501156088 15.763404472900032 0 51 2
E 20.16625187404744 20.575930330735282 0 12 2
M 12.368712302860908 18.549208637517932 1 38
E 18.319780809131775 17.181767815133657 0 55 2
E 21.965573268625974 22.09084456009133 1 28 2
M 16.353754301505546 12.992720182961056 0 22
M 12.992720182961056 7.646245698494454 0 27
M 18.549208637517932 11.631287697139092 2 37
E 20.575930330735282 3.833748125952563 0 34 2
E 17.181767815133657 5.680219190868227 0 5 2
E 15.763404472900032 10.039111498843912 0 10 2
E 22.09084456009133 2.034426731374026 2 7 2
E 2.034426731374026 1.9091554399086683 3 50 2
M 11.631287697139092 5.450791362482066 3 33
E 5.680219190868227 6.8182321848663445 0 2 2
M 7.646245698494454 11.007279817038945 0 4
E 10.039111498843912 8.236595527099967 0 16 2
E 3.833748125952563 3.4240696692647212 0 33 2
E 6.818232184866344 18.31978080913177 0 57 2
M 5.450791362482066 12.368712302860905 4 21
E 3.4240696692647203 20.16625187404744 0 45 2
E 8.236595527099965 13.960888501156088 0 60 2
M 11.007279817038944 16.353754301505546 0 10
E 1.909155439908666 21.965573268625974 4 10 2
