E 16.028387003986154 22.982698484647152 0 20 2
M 17.66104907639846 19.811102679705005 1 58
E 21.526769554119937 12.72594719769217 0 60 2
E 23.031119004526253 14.669606099180646 1 33 2
E 14.491859875161946 17.64633152959409 0 29 2
M 19.23275285460498 21.520341091970007 0 8
E 14.66960609918065 0.9688809954737465 2 24 2
E 12.72594719769217 2.4732304458800614 0 31 2
M 21.520341091970007 4.76724714539502 0 10
E 17.64633152959409 9.508140124838054 0 27 2
E 22.982698484647152 7.971612996013844 0 20 2
M 19.811102679705005 6.338950923601542 2 27
M 4.767247145395019 2.4796589080299913 0 43
E 2.4732304458800614 11.27405280230783 0 13 2
M 6.338950923601542 4.188897320294993 3 29
E 0.9688809954737465 9.33039390081935 3 16 2
E 7.971612996013843 1.0173015153528517 0 51 2
E 9.508140124838054 6.35366847040591 0 12 2
E 6.35366847040591 14.491859875161946 0 19 2
E 11.274052802307827 21.526769554119937 0 50 2
E 9.330393900819349 23.031119004526253 4 12 2
M 2.4796589080299904 19.23275285460498 0 33
E 1.0173015153528517 16.028387003986154 0 26 2
M 4.188897320294992 17.661049076398456 4 54
