E 19.505957248725593 22.39548916641407 0 54 2
E 12.023748982335395 18.58974361887045 0 16 2
M 13.694998267343333 12.384434899343058 1 42
E 15.664384286258692 14.726366165415119 0 23 2
E 22.82427085006998 20.808357863651207 1 55 2
M 21.44964401399107 16.709789948749304 0 29
E 14.726366165415119 8.335615713741308 0 53 2
M 12.384434899343058 10.305001732656667 2 21
E 20.808357863651207 1.1757291499300186 2 55 2
E 22.39548916641407 4.494042751274408 0 17 2
E 18.58974361887045 11.976251017664605 0 28 2
M 16.709789948749304 2.550355986008932 0 39
E 4.494042751274408 1.604510833585929 0 49 2
M 2.550355986008932 7.290210051250696 0 30
E 8.335615713741308 9.273633834584881 0 42 2
E 1.1757291499300186 3.1916421363487917 3 60 2
E 11.976251017664605 5.410256381129552 0 3 2
M 10.305001732656667 11.615565100656942 3 22
E 3.1916421363487895 22.82427085006998 4 58 2
E 9.273633834584881 15.664384286258692 0 49 2
M 11.615565100656942 13.694998267343333 4 14
E 5.410256381129552 12.023748982335395 0 47 2
E 1.6045108335859268 19.505957248725586 0 20 2
M 7.2902100512506935 21.449644013991065 0 12
