E 12.644855807489284 12.313339006372006 0 11 2
M 20.962569427132937 21.636323530092046 1 24
E 18.672701738513503 17.580936143551988 1 7 2
M 17.183156099802574 14.545451646155328 0 20
E 15.136716938823975 19.016849876395263 0 30 2
E 22.830333721699866 23.184510664931697 0 28 2
E 12.313339006372006 11.355144192510716 0 20 2
E 23.184510664931697 1.1696662783001315 0 35 2
E 19.016849876395263 8.863283061176027 0 25 2
E 17.580936143551988 5.3272982614864945 2 44 2
M 21.636323530092046 3.0374305728670645 2 12
M 14.545451646155328 6.816843900197429 0 51
E 5.3272982614864945 6.419063856448011 3 29 2
E 1.1696662783001315 0.8154893350683039 0 1 2
E 11.355144192510716 11.686660993627994 0 3 2
M 6.816843900197429 9.454548353844672 0 5
E 8.863283061176025 4.983150123604735 0 24 2
M 3.0374305728670636 2.363676469907955 3 7
E 0.8154893350683018 22.830333721699866 0 25 2
E 4.983150123604733 15.136716938823975 0 11 2
M 2.363676469907953 20.962569427132937 4 13
E 11.686660993627994 12.644855807489284 0 46 2
M 9.454548353844672 17.183156099802574 0 56
E 6.419063856448011 18.672701738513503 4 20 2
