E 13.844584925209375 16.57682470570488 0 43 2
M 15.26789342156314 12.443070469522896 1 13
E 23.21795016751675 21.31531503999779 1 28 2
M 20.10973472254711 18.089739551365525 0 14
E 17.144136459303997 15.000449185504241 0 12 2
E 21.53358199489637 22.80091621317833 0 42 2
E 16.57682470570488 10.155415074790627 0 16 2
E 22.80091621317833 2.46641800510363 0 2 2
E 15.000449185504243 6.855863540696001 0 30 2
E 21.31531503999779 0.7820498324832478 2 17 2
M 12.443070469522896 8.732106578436857 2 0
M 18.089739551365525 3.8902652774528916 0 22
E 0.7820498324832478 2.684684960002209 3 24 2
E 2.466418005103629 1.1990837868216695 0 10 2
E 10.155415074790627 7.42317529429512 0 38 2
M 3.8902652774528916 5.9102604486344745 0 56
E 6.855863540696001 8.999550814495759 0 41 2
M 8.732106578436857 11.556929530477104 3 35
E 1.1990837868216673 21.53358199489637 0 10 2
E 8.999550814495759 17.144136459303997 0 57 2
M 11.556929530477104 15.26789342156314 4 27
E 7.42317529429512 13.844584925209375 0 48 2
M 5.910260448634473 20.109734722547106 0 58
E 2.6846849600022074 23.21795016751675 4 57 2
