E 22.74125243087635 23.173121239884317 0 34 2
E 13.279121548844197 21.737035014817128 0 31 2
M 16.805037526410796 20.01835461150478 1 60
E 18.247418944963762 17.90993195588954 1 30 2
M 20.51849023812268 12.930427536623435 0 53
E 15.018336922667277 15.651180720860097 0 48 2
M 12.930427536623435 3.4815097618773194 0 32
E 17.90993195588954 5.752581055036237 2 24 2
E 15.651180720860097 8.981663077332723 0 2 2
E 21.737035014817128 10.720878451155803 0 33 2
E 23.173121239884317 1.2587475691236463 0 23 2
M 20.01835461150478 7.194962473589205 2 19
E 10.720878451155803 2.2629649851828733 0 18 2
M 3.4815097618773194 11.069572463376565 0 16
E 8.981663077332723 8.348819279139901 0 40 2
M 7.194962473589205 3.981645388495223 3 1
E 5.752581055036237 6.090068044110461 3 6 2
E 1.2587475691236463 0.8268787601156816 0 9 2
E 8.3488192791399 15.018336922667277 0 28 2
M 11.069572463376565 20.51849023812268 0 15
E 6.09006804411046 18.247418944963762 4 54 2
E 0.8268787601156795 22.74125243087635 0 46 2
M 3.9816453884952225 16.805037526410796 4 54
E 2.2629649851828733 13.279121548844193 0 15 2
