E 18.11715540428112 21.60253221146063 0 47 2
E 14.294469977888605 18.088214495853578 0 44 2
M 12.31476226492168 12.569098520426008 1 47
E 16.701238515998117 20.20171764509796 1 54 2
M 19.83963160282584 23.033286651534723 0 22
E 21.952297380980916 15.181146008018747 0 12 2
M 23.033286651534723 4.16036839717416 0 56
E 20.20171764509796 7.298761484001886 2 48 2
E 15.181146008018747 2.047702619019083 0 29 2
E 18.088214495853578 9.705530022111395 0 11 2
E 21.60253221146063 5.882844595718879 0 14 2
M 12.569098520426008 11.68523773507832 2 29
E 9.705530022111395 5.91178550414642 0 32 2
M 4.160368397174159 0.9667133484652745 0 52
E 2.047702619019083 8.818853991981255 0 19 2
M 11.68523773507832 11.430901479573992 3 60
E 7.298761484001885 3.7982823549020375 3 39 2
E 5.882844595718878 2.397467788539372 0 55 2
E 8.818853991981253 21.952297380980916 0 40 2
M 0.9667133484652723 19.83963160282584 0 55
E 3.7982823549020366 16.701238515998114 4 28 2
E 2.3974677885393696 18.117155404281117 0 48 2
M 11.430901479573992 12.31476226492168 4 31
E 5.91178550414642 14.294469977888602 0 30 2
