E 20.745891214326964 15.016482723784781 0 54 2
M 15.982583697571252 16.87634712174419 1 50
E 22.2922543472903 22.82416026127255 1 36 2
M 17.561738832586364 20.253797354408768 0 2
E 12.058299852196857 12.933157533117225 0 39 2
E 13.425046285232844 18.4965496497922 0 5 2
E 15.016482723784781 3.2541087856730386 0 47 2
E 18.4965496497922 10.574953714767156 0 49 2
E 12.933157533117225 11.941700147803147 0 24 2
E 22.82416026127255 1.7077456527096992 2 4 2
M 16.87634712174419 8.01741630242875 2 14
M 20.253797354408768 6.438261167413637 0 44
E 1.7077456527096992 1.1758397387274513 3 8 2
E 10.574953714767156 5.503450350207802 0 32 2
E 3.2541087856730386 8.983517276215219 0 6 2
M 6.438261167413637 3.746202645591235 0 35
E 11.941700147803143 11.066842466882774 0 48 2
M 8.017416302428748 7.123652878255811 3 22
E 5.503450350207802 13.425046285232844 0 15 2
E 11.066842466882774 12.058299852196853 0 19 2
M 7.123652878255811 15.982583697571249 4 51
E 8.983517276215219 20.745891214326964 0 29 2
M 3.7462026455912336 17.561738832586364 0 23
E 1.1758397387274493 22.2922543472903 4 9 2
