E 14.0753404368427 20.8351598236912 0 11 2
M 12.081750250872059 14.889313334116355 1 55
E 15.928544415586407 19.2559915981177 1 22 2
M 18.011871445597762 12.706968287584429 0 6
E 20.438510873311742 17.004385360509055 0 60 2
E 22.636117039976895 22.288165114670782 0 47 2
E 20.8351598236912 9.9246595631573 0 16 2
E 22.288165114670782 1.363882960023107 0 30 2
E 17.004385360509055 3.5614891266882567 0 27 2
E 19.2559915981177 8.071455584413592 2 6 2
M 14.889313334116355 11.918249749127941 2 10
M 12.706968287584429 5.9881285544022385 0 8
E 8.071455584413592 4.7440084018823026 3 36 2
E 1.363882960023107 1.711834885329214 0 1 2
E 9.9246595631573 3.1648401763087994 0 37 2
M 5.9881285544022385 11.293031712415571 0 6
E 3.5614891266882567 6.995614639490947 0 57 2
M 11.918249749127941 9.110686665883643 3 41
E 1.7118348853292118 22.63611703997689 0 18 2
E 6.995614639490947 20.438510873311742 0 3 2
M 9.110686665883643 12.081750250872059 4 59
E 3.1648401763087994 14.075340436842698 0 59 2
M 11.293031712415571 18.011871445597762 0 51
E 4.744008401882302 15.928544415586407 4 23 2
