E 17.806670372373844 21.01597736280049 0 31 2
M 19.312834659333255 13.273128016773626 1 24
E 15.921742836245325 19.05767389327506 1 22 2
M 23.186466259275768 15.271234292185605 0 33
E 21.368953565447836 16.869146595268358 0 24 2
E 13.26850894194491 22.89929871260078 0 0 2
E 21.01597736280049 6.193329627626158 0 25 2
E 22.89929871260078 10.73149105805509 0 50 2
E 16.86914659526836 2.6310464345521627 0 33 2
E 19.05767389327506 8.078257163754675 2 59 2
M 13.273128016773626 4.687165340666746 2 0
M 15.271234292185605 0.8135337407242303 0 22
E 8.078257163754673 4.9423261067249395 3 45 2
E 10.73149105805509 1.1007012873992188 0 43 2
E 6.193329627626156 2.9840226371995096 0 33 2
M 0.8135337407242303 8.728765707814395 0 54
E 2.6310464345521627 7.13085340473164 0 12 2
M 4.687165340666746 10.726871983226372 3 5
E 1.1007012873992188 13.268508941944907 0 45 2
E 7.1308534047316385 21.368953565447836 0 11 2
M 10.726871983226372 19.312834659333255 4 58
E 2.9840226371995087 17.80667037237384 0 6 2
M 8.728765707814393 23.186466259275768 0 44
E 4.942326106724939 15.921742836245325 4 7 2
