E 16.798240279273138 22.588418132020035 0 14 2
M 20.93579390381558 16.821542947928588 1 45
E 15.251116797065416 13.62870729726014 1 31 2
M 12.305269627893527 12.17400807710627 0 20
E 19.356535419880757 19.652788705223987 0 28 2
E 22.30963145879237 18.279306221924077 0 32 2
E 22.588418132020035 7.201759720726862 0 20 2
E 18.27930622192408 1.6903685412076315 0 46 2
E 19.652788705223987 4.643464580119245 0 31 2
E 13.62870729726014 8.748883202934584 2 53 2
M 16.821542947928588 3.0642060961844217 2 9
M 12.17400807710627 11.694730372106473 0 53
E 8.748883202934584 10.37129270273986 3 17 2
E 1.6903685412076315 5.720693778075921 0 27 2
E 7.20175972072686 1.4115818679799659 0 16 2
M 11.694730372106473 11.82599192289373 0 0
E 4.643464580119245 4.347211294776011 0 23 2
M 3.0642060961844217 7.17845705207141 3 4
E 5.720693778075919 22.309631458792364 0 47 2
E 4.34721129477601 19.356535419880753 0 5 2
M 7.178457052071408 20.93579390381558 4 56
E 1.4115818679799659 16.798240279273138 0 50 2
M 11.82599192289373 12.305269627893527 0 51
E 10.37129270273986 15.251116797065416 4 39 2
