E 20.129754622602867 13.70944064065886 0 23 2
E 15.959408800171724 22.941551538672602 0 47 2
M 17.37991697127673 21.070668511263648 1 10
E 22.652142055981994 16.83249066767818 0 43 2
E 12.48408109706062 15.07140106320142 1 46 2
M 13.909471035517829 18.659901213760513 0 56
E 16.83249066767818 1.3478579440180076 0 6 2
M 21.070668511263648 6.620083028723272 2 16
E 15.07140106320142 11.515918902939381 2 46 2
E 13.709440640658864 3.87024537739713 0 58 2
E 22.941551538672602 8.040591199828274 0 28 2
M 18.659901213760513 10.090528964482175 0 54
E 3.87024537739713 10.29055935934114 0 28 2
M 10.090528964482171 5.340098786239489 0 51
E 1.3478579440180076 7.167509332321819 0 28 2
E 11.51591890293938 8.928598936798577 3 5 2
E 8.040591199828274 1.0584484613273986 0 29 2
M 6.62008302872327 2.92933148873635 3 54
E 8.928598936798577 12.484081097060619 4 18 2
E 7.167509332321818 22.652142055981994 0 27 2
M 2.929331488736349 17.379916971276728 4 15
E 1.0584484613273986 15.959408800171724 0 56 2
E 10.290559359341138 20.129754622602867 0 37 2
M 5.340098786239489 13.909471035517825 0 26
