E 18.939410269261572 12.287597259914573 0 2 2
E 17.190854415933167 13.960921422167871 0 4 2
M 13.242862326426442 19.78677863413134 1 8
E 20.902078678308527 22.376987066132255 1 18 2
M 22.592564814970096 17.84683659206836 0 53
E 15.315337949180371 16.259228349798413 0 1 2
M 17.846836592068364 1.4074351850299038 0 5
E 22.376987066132255 3.097921321691475 2 42 2
E 16.259228349798413 8.684662050819629 0 1 2
E 13.960921422167871 6.809145584066836 0 36 2
E 12.287597259914573 5.060589730738431 0 55 2
M 19.78677863413134 10.757137673573558 2 41
E 6.809145584066836 10.039078577832127 0 49 2
M 1.4074351850299038 6.15316340793164 0 54
E 8.684662050819629 7.740771650201589 0 17 2
M 10.757137673573558 4.213221365868657 3 57
E 3.097921321691474 1.6230129338677421 3 6 2
E 5.060589730738431 11.712402740085427 0 27 2
E 7.740771650201587 15.315337949180371 0 1 2
M 6.153163407931638 22.592564814970093 0 31
E 1.6230129338677401 20.90207867830852 4 52 2
E 11.712402740085427 18.939410269261572 0 54 2
M 4.213221365868657 13.242862326426442 4 54
E 10.039078577832125 17.190854415933167 0 43 2
