E 22.54051009780631 13.867914872498753 1 27 2
M 15.008785141670817 16.295605241274224 0 46
M 16.66328488481753 22.039913529014136 1 46
E 13.438646213370564 18.844323652558888 0 2 2
E 21.01334256848469 12.344913316023256 0 31 2
E 18.68599477749813 20.41389968294319 0 39 2
M 16.295605241274224 8.991214858329183 0 33
E 13.867914872498753 1.4594899021936847 2 12 2
E 20.41389968294319 5.314005222501871 0 59 2
E 18.844323652558888 10.561353786629436 0 11 2
M 22.039913529014136 7.336715115182474 2 53
E 12.344913316023256 2.9866574315153107 0 34 2
E 10.561353786629436 5.155676347441114 0 23 2
E 1.4594899021936847 10.132085127501247 3 23 2
M 8.991214858329183 7.704394758725778 0 35
E 2.9866574315153107 11.655086683976744 0 0 2
E 5.314005222501871 3.5861003170568084 0 59 2
M 7.336715115182474 1.9600864709858676 3 52
E 3.5861003170568075 18.68599477749813 0 41 2
M 1.9600864709858676 16.663284884817525 4 53
E 10.132085127501245 22.54051009780631 4 26 2
M 7.704394758725776 15.008785141670817 0 55
E 11.655086683976743 21.01334256848469 0 49 2
E 5.155676347441114 13.438646213370564 0 21 2
