E 20.366524757833822 14.020746204850969 0 22 2
E 8.502640538691399 20.793891591297058 0 49 2
M 22.7792648822439 19.241622936147497 1 36
E 3.4260241590068468 16.50826117174502 1 2 2
M 17.919096567060137 12.284160023001306 0 31
E 15.893407929158176 23.110861132046054 0 12 2
M 6.080903432939863 11.715839976998694 0 2
E 20.57397584099315 7.491738828254979 2 1 2
E 8.106592070841824 0.8891388679539481 0 22 2
E 15.497359461308601 3.206108408702945 0 57 2
E 3.633475242166179 9.979253795149031 0 17 2
M 1.2207351177561023 4.758377063852504 2 39
