*loadtime:3000
*turntime:1000
*turns:3
ready
M 11.6135908004 11.6587374197 0 119
M 1.2902863101 9.04078582767 1 100
M 21.9368952907 14.2766890117 2 100
E 5.64835767563 18.2659924733 1 21 2
E 17.5788239251 5.05148236609 2 21 2
E 0.0 17.5664628114 0 32 2
E 23.2271816008 5.75101202793 0 32 2
M 15.9964071303 22.4925373322 0 60
M 7.23077447046 0.824937507164 0 60
E 12.096860926 23.3174748393 0 74 2
E 11.1303206747 0.0 0 74 2
E 5.90572926007 2.48227346488 0 85 2
E 17.3214523407 20.8352013745 0 85 2
E 18.2860133478 0.765777669475 0 72 2
E 4.94116825299 22.5516971699 0 72 2
E 20.1067105381 18.0593851211 0 9 2
E 3.12047106262 5.25808971821 0 9 2
E 4.594838746 13.7860000656 0 69 2
E 18.6323428548 9.5314747737 0 69 2
M 8.80119206169 20.0157034284 1 41
M 14.4259895391 3.30177141098 2 41
E 19.4667873213 20.0561682576 0 35 2
E 3.76039427948 3.26130658173 0 35 2
go
end
players 3
score 2 1 2
status survived eliminated crashed
playerturns 3 2 3
go