*loadtime:3000
*turntime:1000
*turns:1
ready
E 11.0145481174 9.36285648301 0 104 2
M 5.5184459719 18.725712966 1 100 
M 16.5106502628 0.0 2 100 
E 18.5712990177 14.3741959599 0 53 2
E 3.45779721706 4.35151700608 0 53 2
E 10.5636234361 5.15752021861 0 13 2
E 11.4654727987 13.5681927474 0 13 2
E 1.12251825005 14.3274446064 0 23 2
E 20.9065779847 4.39826835964 0 23 2
E 2.73522060259 10.8972414257 0 43 2
E 19.2938756321 7.82847154034 0 43 2
E 19.9403815313 3.91375222177 2 96 2
E 2.08871470338 14.8119607443 1 96 2
E 10.6549370553 7.39366289672 0 19 2
E 11.3741591795 11.3320500693 0 19 2
E 16.3876435734 16.2850057716 4 84 2
E 5.64145266134 2.44070719444 3 84 2
E 7.88508724481 13.891296624 0 6 2
E 14.1440089899 4.83441634197 0 6 2
M 3.85997265841 0.272837321532 3 100
M 18.1691235763 18.4528756445 4 100
E 0.0 11.4215292717 0 61 2
E 22.0290962347 7.30418369437 0 61 2
F 1 2 11 20 15 1
F 2 2 16 19 3 2
F 1 2 17 1 6 5
R 1 2 11 20 15 3
R 2 2 16 19 3 4
R 1 2 17 1 6 8
go
end
players 3
score 2 1 2
status survived eliminated crashed
playerturns 3 2 3
go