loadtime:1000
turntime:1000
turns:5000
otheroption:somevalue
ready
turn 1
M 11.8911244736 11.3707572677 1 84
E 6.90867905471 14.1011578237 1 100 5
E 16.8735698925 8.64035671174 2 100 5
M 16.1340812065 2.65701304245 0 47
E 7.64816774071 20.084501493 0 47 1
E 14.6404854753 9.52654786067 0 53 5
E 9.1417634719 13.2149666748 0 53 5
M 7.09223397043 18.9659829642 0 30
E 16.6900149768 3.77553157123 0 30 3
M 16.7679812672 0.0245734070675 0 12
M 7.01426768007 22.7169411284 0 12
M 3.54237010412 11.1976818382 0 22
go
turn 2
M 11.8911244736 11.3707572677 0 5
E 6.90867905471 14.1011578237 1 100 5
E 16.8735698925 8.64035671174 2 100 5
M 16.1340812065 2.65701304245 0 47
E 7.64816774071 20.084501493 0 47 1
E 14.6404854753 9.52654786067 0 53 5
E 9.1417634719 13.2149666748 0 53 5
M 7.09223397043 18.9659829642 0 30
E 16.6900149768 3.77553157123 0 30 3
M 16.7679812672 0.0245734070675 0 12
M 7.01426768007 22.7169411284 0 12
M 3.54237010412 11.1976818382 0 22
F 1 126 1 3 15 12
R 2 35 6 4 34 34
go
end
