M 40.912504215200734 45.57351772658752 0 60
E 32.7832004016334 30.387178222511455 1 20 2
E 43.20503418531987 35.880209195124856 0 59 2
E 49.47143814698371 33.02569841568058 0 1 2
E 51.2398467497236 41.07002502938313 0 9 2
M 38.46552064823633 54.977359091793474 1 100
E 57.331299196461565 56.982611719453665 0 29 2
M 35.477090191825006 39.335151866772335 0 40
E 54.707127472276625 43.32681275800847 0 0 2
E 46.819205591189565 47.447547563997034 1 47 2
E 31.228284594342995 27.472663772479187 2 20 2
E 51.79102416367273 19.39557363103159 2 47 2
E 64.10782463250136 12.344475374324539 0 29 2
E 47.09169304332936 13.220531205800347 0 9 2
M 56.370869870631225 29.667239857633454 2 100
E 50.30947438607096 10.620337041633789 0 0 2
M 40.570770962496965 27.67569825463222 0 40
E 39.67299124676815 19.258350761924685 0 59 2
E 38.894615486915534 12.41655409897177 0 1 2
M 48.18344476919442 24.43407339675006 0 60
E 23.748495708745175 -7.894326027331874 0 29 2
E 19.323400476334076 8.559692942633268 0 9 2
E 27.975921225528445 28.05084208788175 3 20 2
M 30.32548268471792 10.986550453716763 0 60
E 26.648387991630436 5.998556508784855 3 47 2
E 17.844817991960632 4.695896843203871 0 0 2
E 16.025736540791293 16.107134378138955 0 1 2
E 22.77320317806307 17.48108648051519 0 59 2
M 31.056005550288557 19.228350654479677 0 40
M 37.83257324471431 4.816983830122753 3 100
M 20.081876359889904 25.66705633494066 0 40
E 2.1782099935195145 33.740867152632696 0 0 2
E 12.468814727547802 38.99718274558316 0 1 2
E -7.971466765312672 24.23554316001458 0 29 2
E 27.520765927126355 31.322690388390946 4 20 2
M 8.469926613975268 14.76880021014421 4 100
E 15.860602687485109 33.004535180813136 0 59 2
E 6.309805566774161 33.52863030351277 0 9 2
M 12.017714592710814 23.814968540265635 0 60
E 6.13756569805259 25.77071851233751 4 47 2
E 28.488168702363804 44.37581838162213 0 59 2
E 30.491827851368804 32.76662552873666 5 20 2
E 24.960370156172267 57.61608620452118 0 0 2
E 26.0352541638388 53.62112051867049 0 9 2
E 18.603816555454692 51.38760378384901 5 47 2
E 12.78384722760456 64.33169577353907 0 29 2
M 8.861109622442868 45.76961701030611 5 100
M 22.814256935499568 38.09374288917511 0 40
E 33.139395097761664 49.45343036162554 0 1 2
M 18.56085373817612 45.190889882680025 0 60
