M 38.12614875790252 49.08108768616545 0 44
E 55.54211486728978 44.294437066762306 1 6 2
E 46.502670731166596 42.37675119111801 0 17 2
E 30.271779780710926 30.428270365885805 0 35 2
E 32.46203472166665 32.875606808722594 0 28 2
M 53.80602452303324 37.55976126815347 1 100
E 40.693730633387744 35.162781994321946 0 26 2
M 48.950223350809736 51.59014567042245 0 15
E 51.87756896827551 40.21599432563977 0 46 2
E 57.78516167550032 57.38233569014735 1 37 2
E 51.48776508538482 10.125229194157455 2 6 2
E 64.62823593868107 12.036348006136247 2 37 2
E 38.21464195689596 21.425045172109954 0 26 2
E 33.495675163474516 28.547077207649608 0 28 2
M 44.5462263618371 9.695219955563948 2 100
E 46.47652858064114 12.350111333085659 0 46 2
M 56.38938979021805 18.64898852015505 0 15
E 46.87059557938112 18.12965391805654 0 17 2
E 30.491293893178977 29.873864889803496 0 35 2
M 50.65831084693762 28.167953637596714 0 44
E 24.383197301384907 19.537604470046993 0 26 2
E 29.698411342989452 26.22643752257546 0 28 2
E 17.738054297751322 3.4222790566128616 3 6 2
M 34.64138949566556 9.786645392903713 0 44
E 23.61626510505522 -8.48448318442998 3 37 2
E 18.30548571116978 8.875774580555591 0 46 2
E 30.03185654373894 29.493773848838043 0 35 2
E 23.923930747344652 10.286971472016777 0 17 2
M 27.35931648191447 1.3945434283431233 0 15
M 15.184037776631822 9.89119453029444 3 100
M 1.978578042073453 23.67186705485196 0 15
E 6.295864106940485 34.594399371683195 0 46 2
E 29.528394533615785 29.81327014278437 0 35 2
E 18.313983067257777 32.10883878663412 0 26 2
E 0.933935702419797 33.44883591931938 4 6 2
M 6.297005408086907 37.87685479099822 4 100
E 9.374187104479711 29.687024430453523 0 17 2
E 26.317932795871524 29.120732922630772 0 28 2
M 12.210225616410435 19.339506188563504 0 44
E -8.573601078925705 24.178933346412236 4 37 2
E 23.328615837627922 49.51959898835514 0 17 2
E 24.298130047154274 58.709218763148 5 6 2
E 27.04455263297309 53.96372038903578 0 46 2
E 28.025945975997853 33.230145538421574 0 28 2
E 12.54393835968908 64.88686614173413 5 37 2
E 28.3944470410736 41.76572957688698 0 26 2
M 30.166705930410938 54.97696945498991 5 100
M 15.322492334984293 54.69445532622741 0 15
E 29.676675248755366 30.390820752688285 0 35 2
M 14.363925283083882 43.624807094770624 0 44
