E 30.114268201199128 32.021960716515935 0 5 2
M 32.50402436306281 38.87613529287955 0 55
E 40.53103999946495 41.296902491783655 0 44 2
E 37.008505881916946 47.18603730558944 0 0 2
E 34.54850219028254 35.20487579711772 0 41 2
M 45.344772423617336 43.26205557233326 1 100
E 42.76241343238654 24.22299449459881 0 42 2
E 38.48905877597542 30.563677765143005 1 46 2
E 46.93610866366312 28.32734200710214 1 49 2
M 27.775845013938703 33.433213200960026 0 11
E 50.07108125548215 18.793055273377707 0 0 2
E 33.51875079524309 20.663907574484973 0 5 2
E 35.20319417599461 3.523686617636622 2 49 2
E 30.00998497328237 6.224793532188152 0 42 2
E 34.71979390367475 12.248374211155252 2 46 2
M 34.138319161807466 23.323981185631776 0 11
M 40.77593345634641 20.509170830897087 0 55
E 37.91613658312532 17.430275295948 0 41 2
M 48.915200889270416 9.652217616127263 2 100
E 45.558704121059414 13.623083507380551 0 44 2
E 7.987846119666424 7.017600358302967 3 49 2
E 8.9519615529781 12.791323751246498 0 42 2
E 27.104308457431312 -2.404106124184035 0 0 2
E 20.792971900752196 0.28981041735817853 0 44 2
M 25.86407270596577 6.966413631695298 0 55
E 23.768643320701194 13.916220774904701 0 5 2
M 18.053668562483388 -4.129472748753599 3 100
E 22.05214321017474 8.734811039048298 0 41 2
M 26.489980816852665 14.148984194726006 0 11
E 16.136138208889484 10.173418074281148 3 46 2
M 15.400573614342704 18.58775622299648 0 11
M -4.590235826027697 20.96281213952908 4 100
E 2.9007504928657255 33.980613193260574 4 49 2
M 8.37612683344143 16.96349384318372 0 55
E 14.338262913425936 21.103974129356054 0 5 2
E -0.15251311722584404 12.888309699317304 0 0 2
E 8.42007222658733 27.206328210515522 4 46 2
E 8.880021715545405 21.135319081494153 0 41 2
E 8.689815802442906 34.84786357718851 0 42 2
E 0.45924351072947334 19.72321345084312 0 44 2
E 16.603196300871993 37.49471878639182 0 41 2
E 5.968617522395441 43.536703845899595 0 0 2
E 18.260074769430652 32.29393680473833 0 5 2
E 29.585824238910078 41.91302464477802 0 42 2
E 26.972100547810122 47.15075782369769 5 49 2
E 22.234936884873015 39.808201738905076 5 46 2
M 16.19528139305847 30.50606519568571 0 11
M 12.276593950656569 50.252387420763995 5 100
E 12.658040467993967 45.066990132634494 0 44 2
M 12.479842641183586 36.68478640134434 0 55
