E 41.01686012253017 38.19752645705923 0 46 2
E 32.90848159085026 26.211427944939697 0 2 2
M 43.047064947136505 44.316578846368316 1 100
E 35.91923113582094 32.50630412440485 1 49 2
E 28.724426335774773 27.867061560541988 0 2 2
E 30.4481095414042 35.58740172305168 0 2 2
E 39.18611919829713 30.854388631948627 0 53 2
E 46.18032361604115 29.308700337836406 1 15 2
M 27.24781914972732 24.68631346411306 0 35
M 37.39291873368393 41.65548735844377 0 22
E 29.137722122494928 20.70179128810654 0 2 2
E 28.856065163001194 16.210899349548477 0 2 2
M 44.93000579360559 16.71842300384964 0 22
E 35.9029709874503 4.545737313864254 2 15 2
M 25.65635420418796 21.123222957782918 0 35
E 42.7611490210222 12.20328124690378 0 46 2
M 49.208081462291396 12.163332896815191 2 100
E 37.012849345523136 21.4481874559351 0 2 2
E 35.211679884511625 11.675264952547156 0 53 2
E 35.77322094795525 15.292730092812217 2 49 2
M 23.54253623149655 1.844250566235948 0 22
E 9.176117021307032 6.667904096062872 3 15 2
E 22.45086056067934 18.094533353516844 0 2 2
E 19.357019567077664 10.112307123733958 3 49 2
M 20.53238618773573 -3.632041429654285 3 100
E 18.092731731468778 16.974643111287346 0 2 2
E 18.57816764046337 2.51170039780402 0 46 2
E 15.743080041314556 9.528506206388467 0 53 2
E 25.594273644610922 10.835491391797877 0 2 2
M 21.77586404586962 21.535740545741398 0 35
E 7.68526293863339 27.380860015017767 0 53 2
M 2.7872660488376653 17.588570799857933 0 22
M -3.3511846581293128 18.75912632111322 4 100
E 15.49304226638277 27.447191310128893 0 2 2
E 17.904857050691948 23.648429604938006 0 2 2
M 20.96905418055879 25.353780942386997 0 35
E 11.972465954214588 18.415698779005417 0 2 2
E 1.8879742994801192 22.51621923849826 0 46 2
E 2.935365486466414 32.74243832122977 4 15 2
E 9.357259335398044 24.12420368433558 4 49 2
E 14.972301514247158 33.713220650209934 0 2 2
E 15.75584891650414 44.5712726597347 0 46 2
E 21.782133930359002 29.688184192896607 0 2 2
E 24.649679248296998 33.15583828409559 0 2 2
E 25.805222888735102 46.7352199310067 5 15 2
M 11.347273192376276 42.1932682716127 0 22
M 24.350908419656314 27.30094208997563 0 35
E 22.173857937243298 40.560980194097986 0 53 2
E 19.593269013748102 37.9644549747134 5 49 2
M 10.563652060965676 48.39300336535756 5 100
