E 33.0148977448025 40.82925810877939 0 55 2
M 28.11899763982086 24.601044044105723 0 46
E 38.928896867064225 26.860598593150947 0 4 2
E 42.71345609194182 44.664103170427595 0 26 2
E 26.580935542088138 28.337186098083315 0 22 2
M 44.59323827393704 43.13411647341967 1 100
E 40.48584311078228 37.76139449015738 0 22 2
E 29.765664744550634 29.958329989490892 1 32 2
E 46.334327798498066 32.122978171043584 1 39 2
M 31.13532676809645 33.840722932367655 0 47
E 49.43550592952992 12.588004694534849 0 26 2
E 42.791332194464054 20.62684951440632 0 55 2
E 38.627098168971 5.268930309955617 2 39 2
E 42.182269591003276 12.573536246627347 0 22 2
E 31.448396952676784 20.35775219876848 2 32 2
M 35.56402090164368 20.254851604343504 0 47
M 25.84446712522209 20.268333278040522 0 46
E 28.92246204485844 22.885648646633825 0 22 2
M 48.56128675145537 10.327433710589734 2 100
E 31.333873771714707 10.685748932848975 0 4 2
E 10.705716026707368 4.300584114866021 3 39 2
E 18.751417489071393 3.17666253903962 0 22 2
E 21.006551093557157 -3.717104148659297 0 26 2
E 13.603686393056856 12.910741712600162 0 4 2
M 21.02094573469819 21.092659087036417 0 46
E 26.598784245266437 5.086020241955504 0 55 2
M 18.586471745894872 -3.5842271537112453 3 100
E 24.461313309965693 18.97410689012694 0 22 2
M 24.01163119573355 11.844648066204496 0 47
E 22.837697733904765 15.790637073898456 3 32 2
M 12.443167572649457 20.232727755354112 0 47
M -3.907031211550219 20.62457635501895 4 100
E 1.156582479441147 30.556161114511987 4 39 2
M 20.31437608449105 25.934831220864833 0 46
E 6.81480479853835 15.68366813259467 0 55 2
E -3.285559097297795 18.281882871872988 0 26 2
E 15.833260741675337 22.568582486917474 4 32 2
E 19.36264526016307 22.008178587640714 0 22 2
E 2.573928024484583 22.556933443290202 0 22 2
E 10.240851061491414 30.460712535511476 0 4 2
E 20.67264384292466 27.7948797775152 0 22 2
E 10.130045982268902 48.18311341182386 0 26 2
E 10.780181016928667 37.77420400226411 0 55 2
E 16.00654178465847 43.93147328088545 0 22 2
E 23.17627552638241 47.751346289622774 5 39 2
E 20.114979827192485 31.324698250924694 5 32 2
M 16.845853561876865 33.82704964173024 0 47
M 12.166034440262932 49.4981006146829 5 100
E 25.892691906672802 39.08219822588844 0 4 2
M 24.701213415767807 28.103132369952505 0 46
