M 40.74003427895751 51.55798944712065 0 34
E 53.13102545010669 35.597287899947254 1 38 2
E 34.49210820756936 32.255684529470855 0 14 2
E 46.30822214562677 48.41363389365424 0 15 2
E 58.91239073192329 53.601617367951896 0 51 2
M 51.2031051497152 55.5738754269032 1 100
E 49.19939005275772 45.694664446959216 0 2 2
M 36.63645951271296 40.294776285583545 0 47
E 30.198024083557907 30.03785984752908 0 22 2
E 43.35743622691549 42.08837807607335 1 3 2
E 42.471217092227235 9.730744600579959 2 38 2
E 45.6244055360855 21.031837495331267 2 3 2
E 50.859450701281894 16.5902130165551 0 2 2
E 61.38089207706854 9.795983254164804 0 51 2
M 60.874320696457765 17.737410800612988 2 100
E 30.097199661813384 29.823367241239804 0 22 2
M 41.841692842114625 26.869612760838898 0 47
E 33.53342124716954 26.42479607084337 0 14 2
E 52.551924294273704 20.180084860550423 0 15 2
M 53.82171945427359 26.44740551748019 0 34
E 23.692459467287318 6.017631415375904 0 2 2
E 20.48206716899736 -6.088386426150093 0 51 2
E 14.576610593968377 11.875623336558835 3 38 2
M 33.98259801424816 6.246386414436781 0 34
E 26.29897744839737 12.368992679408981 3 3 2
E 29.86204861113776 29.852975104030456 0 22 2
E 27.62963357994887 5.517324783526256 0 15 2
E 27.69166621975246 25.534717925598176 0 14 2
M 30.682109148050227 17.77053800266595 0 47
M 27.878274420260027 -3.1525723422017435 3 100
M 18.579873795417647 25.572164060683487 0 47
E 29.817541691074496 30.0857663758586 0 22 2
E 5.983108692343286 24.688789720144108 0 15 2
E 5.242274864084049 28.587868067419503 0 2 2
E 7.996604033120171 39.06777459650799 4 38 2
M -2.185619219537145 21.773172677416618 4 100
E 25.03995001925795 30.815507837820668 0 14 2
E -7.263298069266685 27.900167335334096 0 51 2
M 8.639661482059614 18.872053931010477 0 34
E 12.088236733894215 28.071600724645272 4 3 2
E 29.24285430625069 34.969293636266926 0 14 2
E 31.82454283057753 53.728569566405966 5 38 2
E 30.02518595241645 30.20003143134205 0 22 2
E 16.487948091277495 64.79061846869931 0 51 2
E 22.630944054707424 46.439191024541124 5 3 2
E 21.00642491458901 53.10962305369027 0 2 2
M 12.22991895310415 58.06811343726893 5 100
M 22.25986470170454 39.49290889022813 0 47
E 17.527111287807365 51.20016674212496 0 15 2
M 12.815986770461118 46.87616468995191 0 34
