M 50.12611792346055 42.490537891458715 0 29
M 58.32951669688629 47.191707315472186 0 3
E 44.83698527787882 35.45163303268576 0 13 2
E 52.8215696195569 54.352049736944934 0 58 2
M 54.89774334365268 45.27063101700797 1 100
E 37.421891984940544 40.0567263828518 0 11 2
E 39.64361166090957 57.214822225493364 0 23 2
E 35.149699424492866 30.352090451297094 0 31 2
E 47.91062963398198 51.21819759148228 1 46 2
E 42.174699659532784 33.40148394204058 1 52 2
E 39.76969171634116 17.573835723493822 0 13 2
E 31.926202556122586 25.211146738382606 0 31 2
E 41.85800591277043 26.049060624563623 0 11 2
E 58.86287390774312 29.23822285584251 0 23 2
E 36.99719256435754 19.472288899048984 2 52 2
E 55.71439402027333 19.522762621425958 2 46 2
M 48.098519922846876 14.718712878513125 0 29
E 60.21242843821925 15.82059471781686 0 58 2
M 52.217058951438716 11.039723451059485 2 100
M 55.10458737038557 8.369558264734959 0 3
E 26.04075922440782 26.688235465887562 0 31 2
E 29.906758707948807 17.501458795638236 0 11 2
E 21.20101626242832 16.868575094643678 0 13 2
M 17.18597157155335 -0.5600554995402405 0 3
M 21.05938253492595 8.06510727561635 0 29
E 22.14980317106821 20.092032773832116 3 52 2
M 18.833154218396555 3.011273639649236 3 100
E 25.8507380379365 -3.1154041415939204 0 58 2
E 27.981739870653996 2.306513600358109 3 46 2
E 38.19462542707818 2.314373607564473 0 23 2
E 3.0382526216520755 23.3617215166124 4 46 2
E 18.151118976985973 34.40425059575925 4 52 2
M 0.8814508084019685 32.2803263451735 4 100
E 25.62685207491695 32.74207021679945 0 31 2
M 6.375874603326428 31.724777878235 0 29
E 14.792237267381955 34.3104973642791 0 13 2
E 6.201683131265327 13.651119033801203 0 23 2
E -2.776813359001567 23.712959971489063 0 58 2
E 18.084367799586975 26.226416101349763 0 11 2
M -3.0240924719730042 32.74328873846603 0 3
E 13.892077263288915 59.22979971534304 0 58 2
E 29.40006947596975 45.79545878489764 0 13 2
E 30.5271856280555 42.62994378931907 5 52 2
E 22.728975594753244 40.16633809559657 0 11 2
E 31.256486720059776 35.00645712763328 0 31 2
E 7.097205873003828 47.58146227729845 0 23 2
E 15.35498385343862 53.590804670121244 5 46 2
M 23.170592678110083 58.39804554710982 5 100
M 22.4040168331478 62.255501180867064 0 3
M 24.340105015440194 53.00086407617681 0 29
