M 49.3041788607871 49.57426542721016 0 4
E 56.967279553525294 38.39602229836213 1 60 2
E 52.87254059919104 53.136720295548926 0 57 2
E 58.90237211872703 41.31636662304651 0 51 2
E 44.60983666609256 30.048955338106303 0 6 2
M 36.84139065477115 32.00073537302346 1 100
E 42.00981105605614 58.06132173386676 0 52 2
M 33.742556921979045 35.43610453108927 0 51
E 39.500437562993405 56.18757123575271 0 25 2
E 46.444761241548626 46.71367592817892 1 5 2
E 46.31843939191608 6.9471066292116195 2 60 2
E 50.977361094817006 19.524912562589954 2 5 2
E 60.39913860640227 27.24941623605212 0 52 2
E 34.56124710817825 16.120347668145033 0 6 2
M 34.01691839137841 24.11171206877048 2 100
E 57.84165693066922 29.05695150131201 0 25 2
M 36.32655632886118 28.12046553505154 0 51
E 59.07233235246112 15.396560984338276 0 57 2
E 49.69382838006868 6.009160261196101 0 51 2
M 54.58155201667597 17.68941557213521 0 4
E 36.777889831419586 0.2387240111098361 0 52 2
E 18.209169077848774 21.372947768775592 0 6 2
E 13.118070634034016 7.35650605946351 3 60 2
M 25.888055781742185 2.8173749749942285 0 4
E 26.519960909327988 6.812364000374631 3 5 2
E 37.70665272327425 3.2295927390185426 0 25 2
E 13.269083188762696 3.8564789997210256 0 51 2
E 25.095148926863114 -2.1621419598641776 0 57 2
M 30.167469920997924 23.402279286545735 0 51
M 25.641201441135262 24.360102549930897 3 100
M 23.7769457744088 27.801918815754515 0 51
E 6.921316391806206 14.398026918724474 0 25 2
E -0.034103632360340086 37.83325517503484 0 51 2
E 3.789827681417318 14.35710365424762 0 52 2
E 3.247954464241977 39.058444491484536 4 60 2
M 23.289195949129127 32.40263961402295 4 100
E -2.1036970254161016 24.726142133466503 0 57 2
E 18.151618626329018 38.54784083023766 0 6 2
M 2.877126696597079 25.51079825896776 0 4
E 6.871856464969413 26.144340270880917 4 5 2
E 15.063675146900831 58.90271854651046 0 57 2
E 30.348255956282635 58.241920521478185 5 60 2
E 8.02993639125692 47.127857605192254 0 25 2
E 34.468128521551385 43.90990839473541 0 6 2
E 19.18606028933696 50.80470723797556 5 5 2
E 7.023332824704683 50.093434364723656 0 52 2
M 30.21129356358606 37.124810394252215 5 100
M 25.986471053753057 35.23923183155894 0 51
E 28.168819944801932 60.98473894100151 0 51 2
M 17.349086644197666 54.40814576669264 0 4
