E 42.95474817983796 53.59063251293819 1 14 2
E 38.55273117975919 47.85942862097378 1 48 2
E 51.74483269769727 49.80800701569034 0 18 2
E 35.760778226658445 39.00621516427493 0 14 2
E 54.313623119001406 51.65326758723485 0 18 2
M 57.460694135789446 45.4532581718078 0 19
M 48.91529159843322 56.71751064604989 0 42
E 47.15860156206976 34.18673754740917 0 48 2
M 41.25427154557166 36.34336677394896 1 100
E 30.298551874268632 30.790078861122783 0 49 2
E 56.43926212037203 24.969208681154402 2 14 2
E 30.843667252109377 29.96020808950803 0 49 2
M 39.51066147250638 21.256759845132553 2 100
M 53.18274304758054 8.658647293721485 0 19
E 40.34559799200253 27.304247869363554 0 14 2
E 58.106803976521384 13.567597966133002 0 18 2
E 39.284123508869165 14.974973227018475 0 48 2
M 61.2550091565844 20.266653504710114 0 42
E 49.628265250151365 27.384736233076513 2 48 2
E 55.55805699052091 15.44044595965359 0 18 2
M 16.867029020070657 1.3570604898125147 0 19
E 30.633152966341783 19.3277183937468 0 14 2
E 33.385614448019574 3.3001674617073213 3 14 2
M 24.6236404999314 18.25301363854006 3 100
E 18.579302322163315 16.527285225011088 0 48 2
E 24.050915208851507 1.1936937263347112 0 18 2
E 33.57820388503281 10.524249481521426 3 48 2
M 30.401366379025138 -2.7330496044187047 0 42
E 23.057337053619516 -1.809050560967556 0 18 2
E 30.222863162730192 29.185328385715884 0 49 2
M -1.0069510924054015 19.503209284322825 0 42
E 13.65749715099077 36.69843112130549 0 48 2
E 0.7652064065942454 26.75627767288193 0 18 2
M -1.2993654864428912 33.63904255127538 0 19
E 5.653162681306785 18.529387316250343 4 14 2
E -2.3976056498190204 26.773327637325146 0 18 2
E 12.583186369475836 20.578587990090334 4 48 2
E 20.045712061274507 26.099919360461644 0 14 2
E 29.29406975729818 29.536297163194643 0 49 2
M 17.166565620712838 31.48320331810375 4 100
E 15.657613315580798 43.65299767433794 5 48 2
E 11.567212570463663 49.610604027949734 5 14 2
E 31.320475455906983 47.61257287925577 0 48 2
E 23.214758753722737 38.26189921215307 0 14 2
M 27.44486086127772 42.66365642427468 5 100
M 23.788899283002245 60.8919914933828 0 19
E 16.919841500676704 59.81485737027456 0 18 2
E 29.340847953593624 30.52808750045866 0 49 2
M 10.435283958362637 56.24567616933588 0 42
E 17.880988696336058 56.80157562543941 0 18 2
