E 29.461532300773797 30.791770397554934 0 8 2
M 36.95899616809527 44.91348743320002 0 46
E 33.10540756060702 36.99121387657942 0 26 2
E 45.90334005649481 43.45063829528378 0 56 2
E 27.323869865066047 33.012024363701116 0 31 2
M 31.42376053888097 27.92066192741434 1 100
E 43.459122082145754 24.188714551450555 0 9 2
E 34.47336160841785 39.07136713513288 1 4 2
E 25.93882555652475 26.383059323559593 1 26 2
M 38.327074668253694 35.094739585820136 0 22
E 49.26716060786013 9.179263495324797 0 56 2
E 32.147063790041955 20.904546591129787 0 8 2
E 26.865554144483884 22.892473150091142 2 26 2
E 30.19267762287662 5.55159114587643 0 9 2
E 41.570168648579994 18.69654976801884 2 4 2
M 38.979033931861245 13.80260535749299 0 22
M 47.89445854778294 18.137885278194773 0 46
E 33.59807677150481 23.62368058761656 0 31 2
M 30.022839242942062 18.151135328852302 2 100
E 39.16910428884259 19.354748671384222 0 26 2
E 23.832184301369416 20.93245143974363 3 26 2
E 8.368163170162898 12.409541738346572 0 9 2
E 17.7126239983652 -4.610357193479379 0 56 2
E 24.269614468789506 8.137862916050414 0 26 2
M 25.808591357210048 -0.5364735772267807 0 46
E 23.57363002998567 15.295134185171552 0 8 2
M 20.29855882203391 16.464540910217906 3 100
E 26.60806780635478 14.755397448819531 0 31 2
M 18.930477420274535 6.602923928414444 0 22
E 24.3855998044724 5.650920363859248 3 4 2
M 5.8878288071333715 23.445410325399635 0 22
M 15.689544301716449 25.191694832828016 4 100
E 21.030730049916606 23.211677577529617 4 26 2
M 1.2233123827321664 14.697740087015358 0 46
E 15.589425076706917 21.715550467799183 0 8 2
E -5.152972676920848 21.138563328829893 0 56 2
E 6.668145136639259 17.96309535456762 4 4 2
E 16.013797777786827 18.66284082326992 0 31 2
E 8.146315909691644 35.28511170323473 0 9 2
E 8.997526616728075 18.841911476524793 0 26 2
E 16.45618777928754 29.946056776592876 0 31 2
E 12.269848014200708 50.8418920740409 0 56 2
E 19.228348802491666 31.292998358344544 0 8 2
E 29.83372121512308 42.56504086109171 0 9 2
E 22.332705947705342 26.58033850907602 5 26 2
E 12.9027248018905 38.6180673784214 5 4 2
M 17.875585172477162 41.05432080287279 0 22
M 22.56529709442661 32.27196700068743 5 100
E 14.458347065032815 36.67426305946115 0 26 2
M 8.114641544179577 42.78736077881663 0 46
