E 40.899016565641176 44.468203227914394 0 58 2
M 33.39235768880834 27.416168649794656 0 49
E 31.399743660124443 34.08277245422678 0 42 2
E 36.970316827579666 38.02683235804879 0 55 2
E 43.632008201693246 40.98615361655435 0 19 2
M 34.84974761157116 31.944080619835347 1 100
E 46.585863687069846 42.42416009942458 0 19 2
E 29.92021239384103 30.54940573542725 1 37 2
E 27.79849733915979 24.642819486487014 1 55 2
M 38.89562895520033 28.93254578120035 0 0
E 41.34835863925149 15.999025238603167 0 55 2
E 48.68850136376836 14.253102818012914 0 58 2
E 25.78515789231337 20.586056499102146 2 55 2
E 48.50183323176351 8.212945742065163 0 19 2
E 32.05830124254501 20.393421100289927 2 37 2
M 33.2941322961952 11.357655489765317 0 0
M 30.151367598240405 16.122991185121407 0 49
E 46.221416251846065 10.577860808398503 0 19 2
M 34.90802603612293 16.136132750071255 2 100
E 35.87593298991038 20.078173611896567 0 42 2
E 21.304790913574998 21.2472473942863 3 55 2
E 16.557102036841687 -4.181096213067065 0 19 2
E 21.751558460500632 5.0282932962778855 0 55 2
E 23.939986575756336 11.493405539949062 0 42 2
M 18.409396564199035 15.715572172927846 0 49
E 22.35931640846581 -2.4921169712329743 0 58 2
M 19.8917832289216 11.195782136691525 3 100
E 18.101582320106914 -1.2814918386961096 0 19 2
M 14.848460699786415 11.254055613988976 0 0
E 23.060091665637295 15.221605921443725 3 37 2
M 9.049905366892371 28.764917660963967 0 0
M 10.552956366198268 23.950425411045554 4 100
E 20.549111285488422 25.712648827946953 4 55 2
M 14.393449460812661 26.756950840402567 0 49
E -1.7024995881207388 17.373868459827186 0 58 2
E 5.262028067620759 20.275815193902332 0 55 2
E 15.360803460509539 22.18123299252148 4 37 2
E -1.8668388578632915 21.797317948984226 0 19 2
E -5.101797147792706 22.370178958028443 0 19 2
E 12.086976674125761 20.192325928280813 0 42 2
E 13.911832084217059 47.92015946475903 0 19 2
E 14.667738005047449 40.67003391316781 0 55 2
E 9.755665250245402 46.39694246547849 0 58 2
E 13.45699819211767 51.173811413548876 0 19 2
E 24.56244256946341 27.811227792177583 5 55 2
E 19.60059123746713 31.65433425031761 5 37 2
M 23.911872681925683 39.690825454081406 0 0
M 19.797486757186036 36.77357908235632 5 100
E 16.69736010008307 34.153322465646774 0 42 2
M 23.65342868793956 33.98831715175353 0 49
