M 44.438698299051296 29.488856992195156 0 10
M 38.241804734832215 46.490982389232414 0 44
E 34.645088365473626 36.09163330304007 0 28 2
E 36.6778107238996 32.462984338275035 0 47 2
M 29.12916933141318 24.343210412052343 1 100
E 31.013775545541044 34.59483069180108 0 35 2
E 25.64080219661232 27.70550726524125 0 31 2
E 27.083124361944233 31.090020164791916 0 35 2
E 46.196117704829874 41.08814709150481 1 56 2
E 41.46628044627977 37.828939831268244 1 52 2
E 38.789339857062124 17.612439523868048 0 28 2
E 31.69574770200158 23.25871120640637 0 35 2
E 36.243658606784905 20.603485799873408 0 35 2
E 28.03118259394767 23.584569096699834 0 31 2
E 42.54948082640055 11.661957588177504 2 52 2
E 47.110771222724814 8.170765474021142 2 56 2
M 35.5361183267486 6.257792888378649 0 10
E 35.966435367374224 14.55789148233471 0 47 2
M 25.911412989276187 19.22792793414884 2 100
M 49.79115505279178 17.405334581595124 0 44
E 25.673109286736643 16.45183816528781 0 35 2
E 24.553221620102214 11.306008089249023 0 35 2
E 22.49522633736429 7.960637217514926 0 28 2
M 25.698005696911697 -2.566709762240177 0 44
M 10.691014925119902 7.545855977382755 0 10
E 17.997929178100264 2.545730603587728 3 52 2
M 20.05214886249754 20.707486854487712 3 100
E 18.71785305731651 9.701471672342935 0 47 2
E 16.08712441703703 -2.8711520444530834 3 56 2
E 24.850605661304307 20.037742316542182 0 31 2
E -4.001197281745067 23.221949245640626 4 56 2
E 1.7410354027813895 23.07857472104302 4 52 2
M 19.64868082522236 26.73718703351874 4 100
E 17.33829070409476 20.07626822715673 0 35 2
M 4.238476541210434 31.572986849857973 0 10
E 8.280658874053335 20.474689118666088 0 28 2
E 20.49452061576147 21.966620982737812 0 31 2
E 8.769018288476031 24.60513202207003 0 47 2
E 12.09825115774954 19.55119574636627 0 35 2
M -0.7417298190093987 14.175535816086803 0 44
E 19.86888256293363 38.6725204849773 0 47 2
E 15.78968656604663 37.860600836910876 0 28 2
E 16.245274146438025 44.88479725592351 5 52 2
E 16.091093069822293 33.944479672710216 0 35 2
E 18.209727945222788 29.123162236357167 0 35 2
E 20.98288893237423 26.705560338778923 0 31 2
E 14.607183937153346 50.39029023328649 5 56 2
M 25.258587991590733 28.984187765792363 5 100
M 7.01076433447371 44.494856975325824 0 44
M 25.09569190786976 45.13450729218546 0 10
