E 36.75295977593446 41.25840757365158 0 30 2
E 38.566079497700876 30.957775654374966 0 35 2
M 34.546810836274325 38.803998983542876 1 100
E 45.032722546209946 29.262826695274477 1 24 2
E 46.82739840404799 27.16998836928476 0 25 2
E 43.56803840330021 46.8092875445376 0 4 2
E 40.73988219683223 45.32030891075148 0 3 2
E 30.20967759492429 36.67381975161343 1 41 2
M 27.085493076801633 24.11366532707292 0 3
M 32.41810325885642 43.23045756821268 0 42
E 34.0688921394065 3.269434275844489 0 25 2
E 35.11840398121916 12.296906097088483 0 35 2
M 44.89058894897588 21.936446239003182 0 42
E 37.97241476754313 22.010671346148662 2 41 2
M 25.061571946747467 21.10064622106094 0 3
E 44.354602283142846 17.204355739155194 0 30 2
M 41.3385834853919 18.544074098653162 2 100
E 51.739777964483736 12.438147046274462 0 4 2
E 49.44972680165161 14.667763733435308 0 3 2
E 35.50471432742487 5.622995054288995 2 24 2
M 28.49299075661363 3.4941960698786074 0 42
E 26.425749636328327 10.096707525512375 3 41 2
E 7.395519167161874 8.017817407173558 0 25 2
E 10.077581938996513 7.379559636851202 3 24 2
M 24.16902307447549 5.82405336932387 3 100
E 16.305472063344716 9.809314540094052 0 35 2
E 23.82687626253403 2.541653297693165 0 30 2
E 22.98891397098762 -3.0879481145328866 0 3 2
E 21.576087219126126 -5.95490564286835 0 4 2
M 21.570594467791697 22.094435492132295 0 3
E -2.074612333131424 16.59096364628974 0 3 2
M 5.886232049750442 13.390269965540625 0 42
M 6.765878519516955 18.22257310588486 4 100
E 8.126116226542276 26.932767965030706 0 35 2
E 3.6689743403533783 34.85303366738185 0 25 2
M 21.436972861890773 25.721650145321355 0 3
E -5.237838448829072 17.04870313663688 0 4 2
E 3.538401362843774 17.533656656439963 0 30 2
E 11.526780955905476 17.396621349087354 4 41 2
E 3.8907581052895637 32.1050078932944 4 24 2
E 8.353934861919004 49.6587679154194 0 4 2
E 11.527160315544895 41.46192673306009 0 30 2
E 28.03921594903026 46.68972628031534 0 25 2
E 21.883928231192975 40.00323574341179 0 35 2
E 13.86537704529878 33.82218002763818 5 41 2
M 8.312084985803635 37.9486301573649 0 42
M 24.84536764676843 26.969602814412497 0 3
E 8.89608936365996 46.508911824056355 0 3 2
E 25.4942230820791 45.62961072029092 5 24 2
M 13.179704084341333 38.60530044259523 5 100
