M 49.64837308213584 30.200618273176282 0 32
E 54.221690343294384 53.1446958123056 1 44 2
E 55.9131863902766 58.04097284163673 0 39 2
E 40.21738127235633 42.977773392325105 0 48 2
E 58.91438431056929 48.928295794000626 0 41 2
M 45.156624495992936 36.50932657041424 1 100
E 33.114503350302016 34.614623509865694 0 8 2
M 51.545035013990415 40.63881116656163 0 21
E 30.882006823553628 32.20052602495526 0 29 2
E 35.91509647720821 38.36588167439368 1 13 2
E 59.4968277185279 14.115907898967588 2 44 2
E 39.784291615811036 26.959608561154216 2 13 2
E 35.35120222358761 28.463928380862846 0 8 2
E 56.93691519110071 8.349951461672754 0 41 2
M 40.87439199810708 17.596686040241565 2 100
E 32.36537971294351 29.84116160131806 0 29 2
M 46.77589264931841 12.797027506550679 0 21
E 64.67616491729511 14.020232372428662 0 39 2
E 45.499940402939075 24.293045488828916 0 48 2
M 36.26248051019142 11.375281201430045 0 32
E 30.192721504549144 24.436032020353462 0 8 2
E 17.733544829604316 -2.3087616487718456 0 41 2
E 24.008351747055887 -2.9616046111773535 3 44 2
M 14.222052727046243 18.288672478398375 0 32
E 30.131928297203636 19.75505307729543 3 13 2
E 30.57987823534493 27.701306445940695 0 29 2
E 29.362108720257766 13.495134747521627 0 48 2
E 25.517862128108465 -7.917012367801095 0 39 2
M 18.823036834907885 8.729167124957161 0 21
M 21.564119365827125 15.825003829319007 3 100
M 6.316364223649067 34.056874807654204 0 21
E 27.993004745835975 28.738167652553 0 29 2
E 14.105821105053053 25.506386805402336 0 48 2
E 24.767906216586773 28.097350295399508 0 8 2
E -3.1998699874812964 25.51270012758954 4 44 2
M 13.911947044937065 33.64268453587797 4 100
E -7.4462784643872055 22.54576523242013 0 39 2
E -4.518001407882121 31.682135704967152 0 41 2
M 13.986211802419438 41.38672033683808 0 32
E 20.29724455593871 26.70866602767572 4 13 2
E 11.339065028707019 63.310041921315566 0 39 2
E 15.473000178603124 60.18830077231462 5 44 2
E 28.17973048232197 31.51883827523299 0 29 2
E 20.93315707660781 63.34837868813131 0 41 2
E 23.8714390538384 38.21079065948096 5 13 2
E 26.57366670497445 34.388065793518486 0 8 2
M 28.492917095135795 46.42629902414722 5 100
M 26.539671278134232 53.778119394276324 0 21
E 20.81474849939378 43.72765956592202 0 48 2
M 35.88088187820705 48.748707710157205 0 32
