E 35.56541078424939 39.94833566690207 0 43 2
M 39.16147432357441 47.07966732790505 0 34
E 47.12275103645553 45.12943535653625 0 54 2
E 27.002191133302848 33.06163312837735 0 27 2
E 41.847983334865205 31.71087969079599 0 3 2
M 33.733729002792465 25.28657103629961 1 100
E 30.49115920074106 27.004719516976593 0 40 2
E 44.706432899459976 36.44814866222781 1 7 2
E 37.01885782042105 34.53241810477258 1 55 2
M 28.838175959541708 29.716678088147944 0 5
E 33.54585331557168 23.944945192968415 0 27 2
E 42.74167703932998 17.928947463078224 0 43 2
E 38.0399731847503 14.873026621405547 2 55 2
E 28.863536582482105 18.755050137901826 0 40 2
E 42.237532559840204 8.153701546874402 2 7 2
M 30.931962540569533 21.165171907303904 0 5
M 50.63522123189236 16.712590476765804 0 34
E 36.84881254209368 9.408352012685745 0 3 2
M 28.231489448252535 15.140245918730267 2 100
E 51.240610208436706 8.538311558825026 0 54 2
E 19.65832280889175 7.826802132840586 3 55 2
E 20.514671712761384 17.753723198957662 0 40 2
E 26.897470667341327 14.904341129633064 0 27 2
E 17.71287194664571 -6.685284336643761 0 54 2
M 25.29999769560792 -3.5835341032034504 0 34
E 24.017582632230038 4.299547517793999 0 43 2
M 16.881475299264142 17.237799809510093 3 100
E 14.093019531224636 7.270985901169803 0 3 2
M 23.446012499271337 16.53130179830283 0 5
E 14.564982093454148 1.7583002978656908 3 7 2
M 16.72565435463755 22.218918752332026 0 5
M 15.36902033693703 28.68048452481596 4 100
E 7.276722742964625 23.13138738991263 4 55 2
M -1.8317784707101255 14.239847917612613 0 34
E 5.269189624999875 17.89550330916623 0 43 2
E 16.244882038251102 18.433628475070343 0 27 2
E -0.06869431054942084 26.100172069638177 4 7 2
E 5.028336802321773 28.252548675961 0 3 2
E 16.98241207405298 25.384538495914047 0 40 2
E -7.126269037032617 20.49713976667436 0 54 2
E 22.181847789494704 43.35723371938745 0 3 2
E 16.309602845533043 29.655452073950823 0 27 2
E 12.406139919190718 39.92766604305947 0 43 2
E 23.148220429962475 31.101968650249876 0 40 2
E 18.006123442972275 39.63636575106865 5 55 2
E 18.55974675779509 47.53967742339391 5 7 2
M 20.05819464597988 30.36792945391329 0 5
M 25.784285912753823 33.65489871064407 5 100
E 11.050035845494671 52.52039765460812 0 54 2
M 6.735085219635441 45.55142838091999 0 34
