E 45.58809975872966 26.77536021214646 0 58 2
M 31.81352637020249 43.01110966377503 0 30
E 28.595362192679694 36.4811639005469 0 36 2
E 27.220151838727634 29.538807932171757 0 38 2
E 36.891839356695854 24.00907202894404 0 49 2
M 30.307167159377297 38.99858983440178 1 100
E 40.646038759768935 46.69995739439799 0 16 2
E 47.15184741907256 31.07691500261875 1 45 2
E 39.22728497024828 45.02619660247016 1 46 2
M 34.142908798139715 34.63120317444434 0 7
E 30.262801019033805 22.6490393899381 0 38 2
E 33.310614116537366 4.3261305210956404 0 58 2
E 48.7025911256792 16.015443480794183 2 46 2
E 50.73285126535724 15.183348973476289 0 16 2
E 37.88486043217669 4.168171651376125 2 45 2
M 37.24520624613335 17.63874294489797 0 7
M 44.49515216212437 22.443650798407184 0 30
E 27.99242546221406 11.741935583901254 0 49 2
M 40.2135284358572 22.636346724200905 2 100
E 37.290337271409115 23.486442596763688 0 36 2
E 24.039755955612996 -1.96092391643391 3 46 2
E 23.875771938417472 -4.148947395736296 0 16 2
E 24.65047205581274 17.6262524933477 0 38 2
E 27.618517963000677 11.201440169078925 0 36 2
M 28.853174270591275 4.027013631276851 0 30
E 8.166176221425001 9.06551975966146 0 58 2
M 27.713344491545378 8.158626092284255 3 100
E 13.57561527650294 16.415027525621298 0 49 2
M 22.043078849973107 9.43732375432755 0 7
E 9.429468257061185 4.666341018877992 3 45 2
M 9.545349969846496 21.36102816811574 0 7
M 10.081444671855039 15.573145772335021 4 100
E -0.6780205938551347 15.939823159499628 4 46 2
M 6.504274490427514 13.21236476888357 0 30
E 4.903544616427003 34.44385308606145 0 58 2
E 18.139212820190487 21.41176801524088 0 38 2
E 1.1100557165278828 31.88296997139081 4 45 2
E 13.564950466859585 31.57029362320032 0 49 2
E -2.8096284297717546 15.419644788425845 0 16 2
E 12.946029818627338 16.603612420677976 0 36 2
E 27.975169437727562 36.26367123833309 0 49 2
E 19.72736226623534 28.774132169301566 0 38 2
E 28.03156528688097 45.38913642103499 0 58 2
E 7.554966466228106 46.84599623943616 0 16 2
E 8.708388542314665 44.97946067366994 5 46 2
E 24.423768175161683 48.20560235573631 5 45 2
M 17.023456135907338 36.931701958214404 0 7
M 11.68451524136509 34.63329157677804 5 100
E 13.54975275428318 32.227340912932505 0 36 2
M 8.333872706654356 37.305861137657374 0 30
