E 30.060844019885803 35.60889744303053 0 19 2
M 31.531687869280766 28.91536195217838 0 44
E 39.551881379383175 44.036310569480925 0 33 2
E 46.85206361038367 46.91419009457402 0 20 2
E 42.468519295130235 42.31081346866213 0 32 2
M 26.82548599732558 26.34088331965803 1 100
E 36.01059295421724 37.89636835521783 0 38 2
E 40.9372936621735 33.017410054261724 1 25 2
E 34.54376460956401 39.34330323202698 1 34 2
M 44.58849703589209 45.542780811390365 0 22
E 52.854365817216355 9.347270144114724 0 20 2
E 36.91362136259682 21.8231413964914 0 19 2
E 41.85055096935616 18.713625410336316 2 34 2
E 40.927709012440815 16.87146128817959 0 38 2
E 37.80997817254174 10.678209446199677 2 25 2
M 50.850597542519886 11.076261110105515 0 22
M 31.002206562503908 18.355869549946505 0 44
E 47.12170479117306 12.09374692068989 0 32 2
M 27.09943552558945 22.03617585816597 2 100
E 47.861459370351 15.400842344032355 0 33 2
E 24.488482607410486 5.38953759429708 3 34 2
E 22.451306567139113 5.697952430757761 0 38 2
E 18.980915188479184 -7.970075173481471 0 20 2
E 23.19531153266841 -1.350882275487804 0 33 2
M 20.79591378259422 15.59637359275032 0 44
E 25.92021290004576 11.045729951298522 0 19 2
M 23.090070503427597 20.445406612760944 3 100
E 19.821480143656004 -1.6692825503338795 0 32 2
M 20.006084863629603 -5.53009070707399 0 22
E 15.59774223235146 6.749270592482392 3 25 2
M -5.318972844979467 18.67313914205534 0 22
M 20.338197118162718 23.76696461233468 4 100
E 6.451347884936683 17.784476276587142 4 34 2
M 15.017559252254234 24.450403701617027 0 44
E 12.273135475267466 18.17067941396633 0 19 2
E -7.956330823154576 18.894136775784535 0 20 2
E 4.99714094481364 26.660253449227106 4 25 2
E -1.7041720850599744 20.041763996379192 0 32 2
E 6.1151458078974015 19.817251250311312 0 38 2
E -0.3587841935169777 16.931450764918903 0 33 2
E 12.292467855100679 47.22295816460267 0 32 2
E 9.26898620707538 52.81447815900818 0 20 2
E 14.832186242204148 33.35155179521321 0 19 2
E 14.495245658305441 39.716966675533506 0 38 2
E 12.665853928732654 38.76905748675247 5 34 2
E 20.657844988119656 42.89485645782911 5 25 2
M 9.873793402937878 50.23790964352277 0 22
M 22.64681085549465 27.410569597080375 5 100
E 9.750131911114403 44.98227859705561 0 33 2
M 21.652632533366877 32.68199120350776 0 44
