E 41.1104518540976 40.133674496127405 0 58 2
M 45.840432614942266 45.16077672898703 0 8
E 27.34588891877262 30.456225603004725 0 52 2
E 34.98625401030979 28.294238075277065 0 35 2
E 39.12999624334798 36.96185287441081 0 25 2
M 29.84309885410669 26.581313475622625 1 100
E 31.219979013058083 34.885359421993094 0 20 2
E 44.18415044291262 42.52830646770634 1 38 2
E 32.96683969309098 31.97804574846997 1 41 2
M 37.766036498018686 24.205626346407794 0 17
E 31.479002297720655 14.87844407697369 0 35 2
E 44.63145666567739 12.712572868423027 0 58 2
E 34.358478247384156 17.937380397489804 2 41 2
E 36.583688224566785 20.49715296339218 0 20 2
E 47.85871210590637 10.529293770894752 2 38 2
M 28.449501499746656 10.971263320533653 0 17
M 50.87415944048799 9.767553866284866 0 8
E 41.00288060349111 13.615951298023408 0 25 2
M 28.260591847323138 19.240552491221543 2 100
E 31.174171967600802 22.812953971848657 0 52 2
E 21.43505193551887 12.27504927631735 3 41 2
E 24.557168013556012 10.949762051991428 0 20 2
E 17.636023611620136 14.068330334009755 0 35 2
E 25.087993198341387 16.810139605387185 0 52 2
M 18.76871133836318 -5.956912182675017 0 8
E 19.64048960271161 0.8903118910202921 0 58 2
M 20.790091719729713 18.477186196281274 3 100
E 19.378361876265846 4.620452086933429 0 25 2
M 12.98390666181838 15.742171555209557 0 17
E 18.561344566336096 -2.853660769758305 3 38 2
M 12.742178394015815 31.925118027320174 0 17
M 17.755575734700102 25.346160864543194 4 100
E 12.056296669388242 22.816201538856646 4 41 2
M -6.107273638341499 19.718056206826173 0 8
E 0.6742177344898309 21.00485441081823 0 58 2
E 12.587843990658786 26.98344650440803 0 35 2
E -3.2199860170099597 20.874231151034948 4 38 2
E 4.140789952338895 22.406829405094356 0 25 2
E 11.760660545255094 19.437356423464838 0 20 2
E 17.498244808502882 20.74346792991389 0 52 2
E 16.34797132455617 42.394914335538 0 25 2
E 23.31087608969063 35.77554100933146 0 35 2
E 13.943384143023582 45.25858633361104 0 58 2
E 15.87850420356403 34.23036913915846 0 20 2
E 19.183333454617742 34.99332303886623 5 41 2
E 12.61577890185487 48.92182938012227 5 38 2
M 28.05837694640046 37.155820750528825 0 17
M 23.350641844140362 30.35478697233136 5 100
E 18.89370110678231 29.177212889845542 0 52 2
M 10.623970244548058 51.31052538057694 0 8
