E 35.8758317404314 35.20085255556281 0 47 2
M 24.327131673344834 24.3087043990038 0 9
E 40.636075500825314 32.07822320127526 0 26 2
E 45.12777657009951 30.687174288545386 0 20 2
E 38.17297568250162 46.12090363367419 0 22 2
M 31.910136166872842 44.72429769607139 1 100
E 42.31234823608275 42.076047704509335 0 8 2
E 33.85079739377058 29.188536178770267 1 14 2
E 30.37743591119774 36.70324091578986 1 12 2
M 28.654768561814365 26.802571619571705 0 31
E 36.88872269624009 5.972740917686514 0 20 2
E 38.32247764115995 16.166666627994868 0 47 2
E 38.052236128126346 21.860215346018908 2 12 2
E 46.85016977009732 12.169727813233084 0 8 2
E 31.97865494567217 16.234680803120444 2 14 2
M 28.10380659166041 20.439094285841207 0 31
M 24.394684576743412 23.784274195909337 0 9
E 49.41791989389884 17.35643427559993 0 22 2
M 46.15434487287294 22.88117363828524 2 100
E 36.82367686511927 10.67446024290997 0 26 2
E 26.307323633923563 9.97429943944439 3 12 2
E 19.809833330542773 -1.387558012093838 0 8 2
E 10.837892127749049 6.17136687458464 0 20 2
E 15.289392662564092 7.686140310405084 0 26 2
M 23.916796809917958 23.55796972181777 0 9
E 20.975946244915868 7.95788117532919 0 47 2
M 29.782001963049606 2.5842295848795116 3 100
E 25.53616273524999 -2.226853057847239 0 22 2
M 21.88152339508763 18.996667618344443 0 31
E 19.080282547162273 14.01223262406613 3 14 2
M 18.58690286213227 24.468676245282698 0 31
M 5.419128863310329 11.883152349905853 4 100
E 11.373768300684342 17.471424991529272 4 12 2
M 23.55389302381347 23.94253606811747 0 9
E 7.808554354391305 21.918758686794057 0 47 2
E 2.976647275116271 31.00855783785453 0 20 2
E 12.98079245342806 25.592539486825075 4 14 2
E -0.4685191112633433 14.434479116701358 0 22 2
E -1.4398351903488376 20.139898443933205 0 8 2
E 5.792871737691118 27.24301998122356 0 26 2
E 7.341460799612892 44.31503603187177 0 22 2
E 24.16896133079509 46.16016008132893 0 20 2
E 17.017190019101474 38.75584095431906 0 47 2
E 12.467483853625996 47.0018840504182 0 8 2
E 13.889236026068016 33.99081930721756 5 12 2
E 22.10947265996693 34.97201090721808 5 14 2
M 22.772998589305338 29.292990230959948 0 31
M 6.734388133894285 37.92714673085801 5 100
E 21.457983233800206 42.31815626418612 0 26 2
M 23.807493916180324 24.406515615151623 0 9
