M 39.01705167658019 51.88364223201794 0 44
M 45.06642409709525 30.10416682980435 0 53
E 52.41588284313631 46.167310255891984 0 19 2
E 36.62047739589401 40.68792159838618 0 51 2
M 34.92448893090746 42.498962770574465 1 100
E 55.05990883862378 36.1805092790449 0 16 2
E 48.50403692627363 48.201654506838935 0 49 2
E 58.44539045609601 38.31455605042334 0 53 2
E 32.44151214750074 32.52017898630562 1 54 2
E 43.06535402372169 54.213338327271934 1 41 2
E 52.30291451227846 13.677202175929489 0 19 2
E 46.69772177442102 5.516165168433778 0 53 2
E 43.62195133248001 8.076492802381273 0 16 2
E 53.028864000842326 18.026235671855908 0 49 2
E 57.065669628266264 25.056442951713677 2 41 2
E 33.15130139270668 28.456762098140718 2 54 2
M 53.599002752252865 28.186691593733123 0 44
E 42.21065750800334 27.006301240098615 0 51 2
M 43.408970758147085 29.17892462100439 2 100
M 34.754849632729886 15.703168505850943 0 53
E 11.87436913518539 6.553601848730175 0 53 2
E 13.358920077945792 10.270018120223769 0 16 2
E 21.368076373635077 3.7446458973396104 0 19 2
M 17.872234587326776 21.059905375381593 0 53
M 35.5679341249144 6.995671540823233 0 44
E 33.662149734822606 2.7313753915630095 3 41 2
M 33.36271075178089 16.99358473788055 3 100
E 30.926123969036148 17.461870815916352 0 51 2
E 29.50609922198687 26.52604753761826 3 54 2
E 25.728583748545823 4.398152165086966 0 49 2
E 26.54345113941119 29.396217204805982 4 54 2
E 5.197663379745514 18.090620213810475 4 41 2
M 18.66929878078821 22.782668675210413 4 100
E 2.1000222835894036 39.993163860318774 0 53 2
M 9.842169784064637 17.595851530129135 0 44
E 2.36226329833476 30.096096601962397 0 19 2
E 4.331255575660311 26.15095219136493 0 49 2
E 18.36171858265696 25.244708768800702 0 51 2
E 6.0932956661870366 39.72970779849747 0 16 2
M 17.749779134652663 38.77154915349465 0 53
E 21.881022544409554 39.59919757679814 0 51 2
E 21.550862972615388 56.31474506887652 0 19 2
E 11.009163233443928 49.9082231156409 5 41 2
E 31.86592408476338 55.74327199985258 0 16 2
E 30.882496350708188 59.622513072093945 0 53 2
E 18.407259748677895 53.22300546485326 0 49 2
E 28.357636098394522 33.100794173129415 5 54 2
M 19.634530778376348 38.54585919533018 5 100
M 34.55671254819542 44.36121013546847 0 53
M 11.97384166218791 45.33814310329657 0 44
