E 30.817865067922327 42.626059803129245 0 50 2
E 44.43393478312099 37.488181327862534 0 26 2
M 33.0777644184015 47.040995058207194 1 100
E 27.40372051128586 24.126946360962737 1 22 2
E 29.233358980272907 28.730925066211164 0 13 2
E 42.73190830447178 26.23002526599218 0 1 2
E 39.2805329356225 35.67069425754279 0 48 2
E 40.934145143360354 40.26239988894972 1 15 2
M 34.624443512189124 34.24297964368249 0 46
M 37.90454011111207 32.215435237187705 0 43
E 30.11657397489329 20.484716084273362 0 13 2
E 43.142455854768016 8.734250424482955 0 26 2
M 36.11008240982993 13.314705625717309 0 43
E 44.69940001949355 12.920028848525936 2 15 2
M 37.02478613744593 17.0608085486573 0 46
E 43.82127172001259 23.27159401734239 0 50 2
M 48.718471968250654 22.486592036782177 2 100
E 31.909358063879683 6.874012249465909 0 1 2
E 39.82143418353795 13.073792440848337 0 48 2
E 25.172540645903485 20.802098011005654 2 22 2
M 17.57990242472507 9.18068965970755 0 43
E 19.8587876154169 0.8898013450709925 3 15 2
E 22.546891630914185 17.09650999376395 0 13 2
E 21.320949461073248 21.896641517147863 3 22 2
M 30.19909140793892 0.02366738167943936 3 100
E 15.396753563270073 1.0770665707236504 0 26 2
E 29.432354555292545 4.923760541979595 0 50 2
E 18.4976511405734 5.576538102765459 0 48 2
E 10.156343808198928 11.185532213263391 0 1 2
M 21.425317016950927 9.468364184945012 0 46
E 4.777927203377189 23.539881916222093 0 48 2
M 7.92207907755937 25.526456894149185 0 43
M 3.1127772212230354 10.695219479522954 4 100
E -0.45955456625854085 25.098597594373075 0 26 2
E 16.985355663674756 23.248692450877535 0 13 2
M 9.383972268773768 21.958146605503433 0 46
E 7.534791881019319 33.20621111059023 0 1 2
E 7.536108034098524 12.93864162006912 0 50 2
E 0.7411899722020948 20.797082895965836 4 15 2
E 21.17171506346106 25.897954956066314 4 22 2
E 27.66759794243029 42.50421916068829 0 1 2
E 8.392400622674014 36.23994401747965 0 50 2
E 21.117819750244863 30.439156404873984 0 13 2
E 17.486410365099456 47.60190408255778 0 26 2
E 13.766477249527105 45.1306870214875 5 15 2
M 20.48339597677356 39.76271258323825 0 43
M 17.541481064640248 37.269701017211766 0 46
E 17.62245453688896 42.139093282621324 0 48 2
E 24.931074318276348 27.27635915481743 5 22 2
M 4.891894984185884 39.753526043808236 5 100
