E 49.83267194502595 58.57296061759514 1 32 2
E 52.96317085898015 45.66086261791134 1 27 2
E 42.71947088567858 52.64732486420628 0 10 2
E 32.78442613086268 34.437771156318355 0 42 2
E 56.595904282643005 37.242679992541966 0 45 2
M 40.19413206332705 40.326586540967114 0 59
M 30.689213665077325 31.285064804600108 0 9
E 47.894911413099614 50.52933208524452 0 13 2
M 58.70125615430006 56.110761817174556 1 100
E 45.871579091761646 47.4776109271122 0 19 2
E 63.3031330600849 19.96753852158199 2 32 2
E 51.52678342842188 20.306110078437122 0 19 2
M 63.70198608324182 10.77215244617997 2 100
M 42.97132747134321 23.495895008241895 0 59
E 35.0810061700615 28.723200088549884 0 42 2
E 45.10678440645371 6.943903127745081 0 45 2
E 55.05438679434095 19.32484038955453 0 13 2
M 31.435147991540827 29.741625716203107 0 9
E 51.99037548372818 13.000199415273887 2 27 2
E 55.469418551888666 24.901472590518935 0 10 2
M 27.822589193168284 15.653655507728525 0 59
E 30.355808379283257 24.773123101572615 0 42 2
E 30.749796217966832 -4.77336280208149 3 32 2
M 22.12771673351933 -7.9942251359368655 3 100
E 27.58955119308962 2.8730564401700995 0 13 2
E 33.021495453085755 4.201611904161476 0 10 2
E 20.62762861533628 3.8326828187575828 3 27 2
M 30.197756572581063 28.555251106194497 0 9
E 12.7406019412623 8.50786849249434 0 45 2
E 27.43270473546108 6.531235618161884 0 19 2
M 28.68707229181295 29.36547036221628 0 9
E 3.455873914846799 23.90978647957052 0 13 2
E 6.397968334971581 19.154246711292178 0 10 2
M 15.68295864256346 27.63757648121948 0 59
E -2.8397335127452905 18.541341363600363 4 32 2
E 4.2263209678824385 39.77322910993391 0 45 2
E 2.217180445362729 30.827509172319214 4 27 2
E 25.138895501817576 28.046412333210363 0 42 2
E 6.886540838936405 25.189395859624003 0 19 2
M -8.567324710993926 25.746125043595452 4 100
E 22.201644596592665 56.67874597573798 5 27 2
E 8.954132289667601 57.691522299304 5 32 2
E 16.005276684623013 53.362984605460326 0 13 2
E 26.639863817974998 34.01949332034878 0 42 2
M 14.03636573993271 65.36518582898688 5 100
M 23.328992629597998 42.88628646184299 0 59
E 31.330388401758547 57.53231927728469 0 45 2
E 18.282391905418994 50.49564751666478 0 19 2
M 28.990809478987842 31.052588010786007 0 9
E 12.391646774375413 49.09534392982114 0 10 2
