E 24.9630479613106 24.88985254921177 0 2 2
E 42.7531993372927 44.79841530691431 0 1 2
M 36.4980624988074 42.67792542682732 1 100
E 31.967138753901736 31.1856203549369 1 6 2
E 34.956670663404466 28.043430372782165 0 28 2
E 33.53889686973957 47.16763687457226 0 11 2
E 29.567332300589964 29.759198248791712 0 49 2
E 46.370200915294916 38.373456123980176 1 20 2
M 44.10518195838809 33.56725131353843 0 22
M 40.76680430179956 39.766506243530664 0 16
E 31.23132824098163 14.829075669430765 0 28 2
E 49.57552570037816 12.591711354790386 0 1 2
M 44.1760659727331 12.925939882497607 0 16
E 44.58274135880196 7.166316858889499 2 20 2
M 39.31183960491659 7.835278932514673 0 22
E 25.143898251912827 23.359066521085094 0 2 2
M 45.62587639695077 17.885432596002723 2 100
E 48.981413257061355 22.087163487517262 0 11 2
E 31.197723317363863 20.484842469994504 0 49 2
E 33.29591233368471 18.64327957667615 2 6 2
M 19.702690228609715 1.3893482103931987 0 16
E 14.350632826092896 -0.7772444610325593 3 20 2
E 17.512535973329175 14.288626682672668 0 28 2
E 21.778051024754777 13.503744355218231 3 6 2
M 24.867464151012292 1.5430640910001459 3 100
E 21.053344825687468 -3.8491254431233357 0 1 2
E 23.743920038043118 22.71402877629111 0 2 2
E 22.88110535115855 16.06831492185476 0 49 2
E 29.900465610131562 -0.34983485420840166 0 11 2
M 13.358055347737139 4.442401648094156 0 22
E 16.11076175982174 22.613106563651378 0 49 2
M 1.1680505283606564 21.099908803736756 0 16
M 2.9102459323968928 16.235417729057353 4 100
E -3.396658751229052 18.196582564399915 0 1 2
E 12.759198489743548 27.168965543022132 0 28 2
M 2.1110768935897766 28.077460547688588 0 22
E 2.665275039449841 10.8638109521351 0 11 2
E 22.697835627760043 23.846159554108517 0 2 2
E -2.546378242204068 25.52050391662731 4 20 2
E 13.330847678345739 22.869677680240773 4 6 2
E 4.913949223617679 40.23122353998377 0 11 2
E 23.451298120973416 25.190892599303517 0 2 2
E 23.540266632541186 35.66990173209227 0 28 2
E 10.014588887870726 48.26241621701873 0 1 2
E 17.2428031420143 49.716967561535576 5 20 2
M 14.18638896849697 44.81829685984177 0 16
M 21.11384619536841 46.07760755816415 0 22
E 20.24307727106588 31.07453779570765 0 49 2
E 19.628050209313038 33.797678032927934 5 6 2
M 10.098351020832638 41.65816015711245 5 100
