E 11.0145481174 9.36285648301 0 104 1
M 5.5184459719 18.725712966 1 100 
M 16.5106502628 0.0 2 100 
E 18.5712990177 14.3741959599 0 53 1
E 3.45779721706 4.35151700608 0 53 1
E 10.5636234361 5.15752021861 0 13 1
E 11.4654727987 13.5681927474 0 13 1
E 1.12251825005 14.3274446064 0 23 1
E 20.9065779847 4.39826835964 0 23 1
E 2.73522060259 10.8972414257 0 43 1
E 19.2938756321 7.82847154034 0 43 1
E 19.9403815313 3.91375222177 0 40 1
E 2.08871470338 14.8119607443 0 40 1
E 10.6549370553 7.39366289672 4 19 1
E 11.3741591795 11.3320500693 3 19 1
E 16.3876435734 16.2850057716 2 84 1
E 5.64145266134 2.44070719444 1 84 1
E 7.88508724481 13.891296624 0 6 1
E 14.1440089899 4.83441634197 0 6 1
M 3.85997265841 0.272837321532 3 100
M 18.1691235763 18.4528756445 4 100
E 0.0 11.4215292717 0 61 1
E 22.0290962347 7.30418369437 0 61 1
